7
50 
 .5205403 .9239090 
 .9489250 .7560224 
 .8942150 .9306560 
 .0595864 .9620102 
 .3306415 .2370444 
 .0759868 .4339534 
 .5998925 .8825206 
 .3896580 .0240176 
 .1022508 .3114586 
 .4447699 .9684009 
 .4473158 .4723261 
 .8426371 .4078705 
 .0142671 .9707769 
 .4315817 .2727812 
 .8992987 .0059246 
 .7574436 .0206895 
 .2732023 .6321160 
 .9606190 .9509561 
 .2428870 .9904071 
 .6453394 .0665372 
 .9329592 .9704273 
 .2323962 .2280188 
 .4624820 .1576781 
 .8415605 .1058906 
 .2603588 .1943411 
 .0259690 .5786091 
 .9005981 .5716386 
 .0766319 .0782072 
 .1936587 .5544808 
 .6973900 .2215798 
 .1773196 .0278374 
 .3730022 .0911723 
 .1327099 .5997529 
 .6569880 .8881206 
 .7184360 .7864850 
 .0202969 .4559981 
 .3658057 .4666444 
 .1432226 .3837238 
 .4961352 .3867549 
 .1051397 .9989262 
 .8796822 .1310952 
 .5210160 .4526594 
 .2150439 .8723288 
 .1691519 .1048656 
 .1155376 .0720405 
 .1176265 .3169078 
 .1803090 .2151716 
 .0413943 .2498802 
 .4253414 .1902520 
 .7692795 .9997797 
100 
 .1811664 .3865192 
 .2943430 .0667935 
 .3830796 .2834294 
 .3055463 .2164093 
 .1049368 .7252942 
 .3327418 .5067355 
 .3129737 .2421695 
 .6373325 .5542584 
 .4727142 .5483298 
 .6443175 .9785239 
 .3490257 .1557940 
 .4218815 .2496089 
 .5082743 .0318117 
 .5689753 .9957289 
 .9020445 .8763014 
 .4704666 .9490959 
 .6763103 .4112341 
 .6828067 .5489170 
 .8963458 .5693865 
 .4488850 .3363426 
 .0537011 .8205556 
 .5752622 .9367751 
 .5624101 .6924913 
 .8921655 .8372538 
 .1798793 .8822597 
 .1979218 .4751817 
 .3138020 .6997739 
 .0937922 .4414782 
 .0976021 .8646025 
 .7588623 .8858639 
 .2184854 .2531680 
 .0016456 .4514414 
 .7368353 .8668656 
 .5467777 .1545551 
 .2035710 .3007423 
 .3505197 .3961320 
 .6108661 .0129579 
 .8541625 .5118530 
 .1364410 .8405938 
 .7337298 .6476038 
 .9851678 .0282466 
 .3290273 .9282562 
 .3041012 .5205462 
 .1639825 .4539404 
 .2459445 .8440255 
 .6197703 .1281417 
 .5665183 .4309515 
 .8963338 .1532085 
 .1366919 .0185608 
 .0879839 .6157231 
 .5886041 .5299263 
 .8837195 .2587063 
 .8475132 .7831873 
 .6491341 .5693152 
 .0594169 .0973861 
 .2081978 .9065975 
 .6333407 .4164562 
 .4612060 .6985076 
 .6860558 .4462693 
 .1786993 .8327996 
 .7036133 .4188706 
 .2165621 .2721339 
 .0036286 .8263771 
 .5087368 .5967785 
 .5673731 .6052719 
 .2024211 .5132038 
 .6715833 .0382853 
 .0851836 .1956828 
 .8341450 .7514762 
 .0805177 .4202446 
 .9305947 .7318147 
 .3118847 .5130299 
 .6623728 .8262867 
 .4966609 .8127847 
 .2731104 .6955785 
 .8595216 .2219403 
 .6135906 .1095423 
 .1660652 .0119863 
 .1345593 .6511578 
 .8758083 .8136963 
 .6119135 .6413926 
 .9904854 .0557219 
 .5411385 .1474844 
 .3077515 .3481828 
 .0248404 .4675207 
 .0483405 .7106671 
 .1539961 .1080454 
 .9603648 .3235480 
 .5727645 .0395670 
 .9591701 .7822632 
 .0285369 .4155505 
 .2638831 .7382057 
 .8409972 .8995386 
 .1589225 .3366872 
 .6614815 .6257393 
 .4441787 .9690795 
 .6095132 .4215183 
 .0327297 .4372442 
 .5272183 .4840337 
 .8887378 .5157721 
250 
 .5751478 .4280818 
 .1783997 .1631058 
 .9975356 .1036414 
 .7548277 .4665780 
 .9733804 .9470604 
 .8747535 .5077925 
 .9874244 .9775977 
 .1879515 .8796882 
 .8597863 .5423701 
 .3107023 .4890885 
 .2183955 .0347802 
 .1748730 .1955890 
 .1356338 .0390406 
 .1503235 .0720445 
 .2759982 .0469186 
 .3084879 .4973043 
 .5830073 .7469067 
 .2043888 .9910128 
 .2625951 .4976722 
 .1367608 .1277423 
 .1945188 .8926375 
 .3177737 .0429666 
 .2080078 .6641732 
 .2489730 .9234697 
 .8656634 .3649241 
 .5499011 .3542275 
 .1706268 .5385256 
 .3993296 .3046448 
 .2939352 .1281759 
 .6925292 .6487990 
 .0469297 .7824946 
 .2454369 .1340739 
 .1202258 .0545996 
 .3293529 .2847847 
 .4862586 .2406566 
 .1268235 .4341361 
 .9144353 .1940729 
 .1770415 .4386540 
 .0616125 .7443099 
 .5313316 .1011020 
 .5486286 .6457522 
 .3574949 .3053949 
 .9761198 .0204752 
 .4948607 .6821552 
 .8174804 .2148862 
 .5362514 .5458790 
 .0887579 .4773508 
 .1526059 .0812047 
 .8571549 .9328380 
 .5221443 .4510417 
 .9217967 .4696139 
 .0075835 .7353583 
 .9801746 .2878505 
 .9584522 .4057650 
 .5663486 .3539941 
 .2048992 .3547086 
 .9852381 .6586196 
 .1459514 .2236282 
 .0313114 .2275745 
 .1978650 .7438644 
 .8173528 .9622735 
 .8234293 .7869758 
 .5848993 .6983079 
 .6647302 .5244404 
 .6450552 .9228839 
 .8913792 .1650324 
 .0168629 .3692667 
 .3824479 .7535022 
 .9878973 .6361699 
 .5997486 .9960733 
 .5034040 .9251767 
 .9865536 .4837406 
 .4687849 .2505844 
 .6307713 .4079459 
 .8857003 .7918145 
 .1438891 .2369346 
 .0821574 .6045050 
 .7930718 .1145126 
 .6768560 .2958829 
 .6375621 .1630416 
 .5604081 .5537817 
 .7033821 .5638705 
 .9910079 .0850055 
 .2111866 .3330342 
 .4873479 .4934262 
 .8673715 .1274842 
 .8422153 .2745175 
 .7421067 .1643857 
 .2489229 .2217581 
 .9812451 .3076479 
 .8896741 .3697573 
 .4109626 .4038867 
 .7278011 .8148547 
 .0609209 .8039754 
 .7096981 .4695964 
 .0076118 .3932568 
 .8398521 .5736814 
 .1657547 .0178978 
 .0538196 .5889771 
 .3610789 .5187958 
 .5769472 .3758141 
 .0189357 .1874285 
 .3062636 .1452562 
 .1038587 .7971023 
 .1619157 .9081915 
 .7368346 .8327394 
 .4829617 .7351879 
 .5785580 .4746652 
 .2378982 .2768705 
 .1647393 .5563692 
 .6181728 .2864057 
 .6675140 .3199192 
 .7057447 .3842871 
 .9765707 .4801707 
 .2636871 .4992986 
 .6736866 .9621323 
 .8895104 .2340579 
 .7313301 .7143808 
 .0794953 .2022068 
 .1037764 .1822791 
 .1515109 .9678853 
 .4891803 .2424813 
 .1237103 .8248905 
 .3021756 .4868292 
 .8948004 .9586663 
 .3752235 .4687991 
 .4534374 .6522617 
 .3570186 .5961686 
 .0823482 .6784302 
 .6391951 .4140733 
 .0271912 .8523967 
 .5472513 .6551453 
 .9685897 .3292653 
 .2944439 .1575030 
 .6533683 .4798782 
 .8222973 .0240186 
 .6804389 .3699258 
 .3297325 .6120651 
 .8581876 .7375496 
 .4035538 .4338673 
 .6012523 .0903390 
 .7725426 .0831762 
 .0504180 .7367923 
 .5696077 .0912979 
 .2026421 .2807672 
 .5427283 .2990542 
 .2391182 .8284706 
 .0347166 .9930707 
 .0354420 .8119076 
 .0705163 .7144134 
 .8145227 .2837190 
 .0527578 .2620469 
 .0325371 .5867459 
 .0630089 .8774122 
 .5311089 .6857769 
 .4765034 .7416385 
 .0926716 .8445103 
 .5885004 .5130489 
 .8357926 .8511095 
 .4747359 .3867249 
 .1057589 .1916037 
 .8080754 .7144889 
 .0631003 .4300819 
 .4573758 .1647817 
 .1466219 .0039239 
 .2191130 .2470795 
 .7730766 .5444877 
 .9814476 .2317476 
 .5054987 .9895107 
 .1854760 .4580990 
 .6365891 .9012622 
 .0083682 .0729372 
 .5400540 .7199937 
 .8143242 .6485588 
 .7765998 .7787422 
 .8556972 .1000888 
 .0250461 .8338419 
 .8996410 .0016672 
 .3528797 .1138678 
 .5341443 .8714168 
 .7421994 .3839502 
 .6877260 .2758371 
 .4315474 .6257481 
 .8832877 .6523211 
 .4942469 .4466280 
 .6300560 .4584067 
 .8097202 .4930498 
 .0171098 .4601841 
 .5435044 .6285869 
 .0740775 .4395216 
 .4694720 .5596939 
 .0631158 .0374719 
 .6667524 .5030544 
 .0026479 .5039056 
 .7141985 .3753803 
 .0264572 .3731326 
 .5846026 .2756747 
 .4680000 .0515334 
 .7943971 .5844890 
 .8331347 .4430684 
 .4649340 .1253846 
 .2762587 .4464963 
 .9587731 .2589402 
 .2040171 .7662412 
 .5163911 .6849881 
 .7636984 .2566335 
 .3704938 .7276251 
 .9840626 .1737467 
 .3793396 .0206821 
 .1660820 .3847842 
 .2073134 .2870498 
 .8987914 .8639816 
 .0880853 .2393167 
 .1175821 .7057962 
 .5182037 .8848694 
 .4327091 .3678010 
 .8195652 .4967065 
 .2259382 .8117080 
 .0380251 .4500162 
 .6220421 .4733524 
 .4601268 .6998388 
 .4556623 .3308020 
 .1656854 .0001610 
 .0267964 .4610469 
 .2134186 .5903576 
 .2112613 .0245094 
 .6901352 .9892743 
 .9948134 .1749154 
 .0388203 .1662312 
 .5475982 .4794268 
 .6024569 .5650889 
 .5531492 .5073743 
 .6512478 .5430447 
 .8446749 .6999860 
 .4612117 .4882943 
 .8597591 .8002090 
 .1295736 .3758900 
 .5692704 .2706019 
 .2821113 .4223242 
 .1211296 .4653646 
 .8723114 .8573534 
 .4060302 .9944012 
 .8019933 .1346329 
 .2291519 .8049128 
 .7056167 .0766383 
 .0757530 .0289190 
 .2209790 .8573827 
 .0931897 .5603473 
 .3900650 .1693866 
 .5687823 .5274289 
500 
 .8034554 .2977321 
 .1741285 .5590351 
 .3837136 .5501820 
 .6081437 .2670505 
 .7796179 .6230354 
 .6916420 .5919034 
 .7007425 .4099619 
 .3906579 .9611022 
 .0139168 .7905124 
 .8696623 .4918592 
 .0343721 .7420602 
 .7206766 .0369453 
 .5140477 .8249439 
 .5172809 .4929152 
 .1793620 .2358863 
 .8197848 .9730732 
 .4595871 .5472041 
 .2652939 .9182074 
 .5396574 .7105813 
 .8631094 .9482985 
 .1654470 .3300354 
 .8982681 .7676414 
 .5104247 .4624463 
 .9279493 .1811332 
 .3527979 .5864160 
 .4283706 .6554115 
 .9719378 .6295713 
 .0925553 .1971055 
 .3997018 .2364933 
 .1583999 .8912153 
 .4913850 .4075262 
 .2157000 .4526017 
 .9351014 .2935852 
 .6416095 .7372690 
 .7075702 .7820089 
 .2753338 .4196041 
 .2062211 .4792833 
 .4810742 .9865084 
 .6273936 .1513739 
 .8672788 .7864756 
 .0908380 .4222246 
 .3215046 .9956434 
 .1918957 .7939988 
 .5625686 .8557233 
 .4422900 .5146273 
 .1715698 .1700130 
 .4735632 .5924747 
 .2947002 .5204568 
 .6464941 .8952188 
 .3549477 .6354724 
 .2454945 .7586397 
 .7957164 .3770332 
 .8366516 .2967155 
 .9234765 .4458201 
 .4169321 .5105056 
 .3226987 .5821688 
 .1527273 .6405445 
 .2759364 .1625599 
 .9585766 .7341584 
 .5139021 .9885722 
 .7491927 .2810288 
 .0111504 .0070685 
 .4449995 .6207444 
 .1864215 .8939386 
 .9459310 .6957893 
 .7042449 .0235253 
 .2203815 .1006872 
 .2349370 .4139265 
 .9836076 .1886474 
 .3300697 .8042389 
 .4477086 .6043083 
 .5137390 .0405166 
 .2862162 .8158442 
 .4679335 .3172870 
 .9304625 .2600586 
 .6818920 .3729361 
 .9499161 .2659216 
 .2069653 .2396696 
 .5997516 .0985984 
 .4640510 .3091127 
 .3686841 .8181454 
 .8315702 .9374531 
 .9387314 .1629926 
 .6271034 .1614028 
 .4737090 .7738778 
 .9016029 .8476672 
 .3700724 .6323240 
 .1954605 .2111205 
 .0048641 .8998397 
 .2520404 .5049963 
 .7611378 .1480518 
 .0254853 .1421753 
 .5489981 .4417368 
 .7220892 .8195883 
 .7054410 .4894818 
 .8321930 .5949067 
 .7711935 .1612485 
 .0838200 .4505860 
 .1178577 .5767385 
 .1090233 .7569865 
 .3315441 .6189181 
 .6755798 .2332665 
 .9349754 .4866655 
 .1041339 .4590397 
 .4214133 .5700059 
 .6555855 .6059547 
 .3408674 .7491103 
 .1143251 .6684169 
 .6695383 .8599051 
 .5762613 .8461611 
 .9424861 .6480800 
 .8303604 .5753323 
 .3597539 .6002457 
 .1400376 .6636715 
 .6977768 .5842875 
 .3151025 .6413611 
 .4685126 .6763474 
 .5324847 .3116003 
 .1535172 .7626365 
 .4185431 .0310747 
 .9717884 .7812118 
 .6388127 .8646994 
 .6787979 .5502283 
 .0314602 .7733700 
 .1873534 .1907738 
 .7349234 .6774957 
 .8839606 .8075014 
 .5520907 .7998313 
 .6098258 .3896680 
 .9043570 .2731113 
 .2937226 .3271468 
 .2878665 .6832464 
 .7622932 .4262917 
 .4676326 .0269029 
 .5971165 .2224766 
 .2369146 .4501769 
 .0297202 .5204813 
 .1206386 .9973376 
 .4257855 .6889481 
 .7916801 .2672662 
 .2557571 .9666485 
 .2638830 .1198018 
 .6160771 .0195842 
 .3796874 .1017479 
 .0759721 .7697540 
 .1645727 .7173241 
 .2892865 .0870564 
 .9041089 .6324021 
 .5269362 .7210282 
 .1286454 .8954733 
 .8383068 .7122313 
 .0694704 .7379825 
 .4119944 .7648794 
 .7700342 .8769713 
 .0378480 .4210109 
 .2754751 .8159249 
 .2209660 .5279604 
 .7496012 .6948469 
 .9992953 .0483301 
 .7345859 .9849252 
 .0924201 .7758975 
 .0163338 .9012328 
 .5701818 .4802034 
 .8166629 .9007554 
 .3735818 .3327150 
 .6185519 .0621932 
 .0321573 .5317475 
 .3466074 .4654716 
 .7743261 .6425225 
 .5630315 .7972471 
 .5802414 .5411341 
 .6786211 .1359443 
 .9281293 .6725583 
 .9851058 .9855378 
 .0700554 .7164610 
 .8433452 .8384266 
 .3642475 .2512212 
 .0529633 .4988766 
 .8986332 .6045603 
 .9117995 .6716539 
 .4618023 .2042457 
 .5645136 .4351709 
 .6383190 .2577932 
 .9427005 .6317528 
 .8978584 .7967140 
 .1053556 .3140310 
 .1721630 .7569119 
 .4773898 .5180161 
 .4179845 .0081253 
 .9215299 .0596266 
 .5831367 .7051023 
 .5192637 .9793829 
 .4491939 .0622750 
 .3209026 .8341482 
 .9283919 .1403497 
 .2822498 .3372435 
 .1415702 .4032285 
 .4521755 .8985097 
 .2836953 .0203028 
 .7155319 .3709719 
 .8662869 .9532058 
 .7206815 .6652084 
 .0720776 .0158420 
 .9093832 .6783663 
 .0141374 .0077211 
 .8852743 .9715413 
 .6946409 .8065901 
 .9596206 .5239637 
 .1300977 .5178587 
 .0407808 .3396566 
 .8603747 .4036325 
 .7158520 .2639718 
 .9858509 .7790912 
 .2256413 .6032016 
 .7657380 .2317471 
 .0613444 .4873466 
 .1336081 .6905830 
 .3045161 .7686086 
 .4036702 .7854769 
 .9699943 .9383207 
 .8009674 .7684487 
 .0607958 .3423424 
 .7856002 .6304039 
 .5585420 .0864742 
 .6779575 .9909708 
 .0941090 .5937141 
 .7389290 .3530218 
 .6998247 .8862154 
 .2138205 .3233104 
 .1530744 .3361458 
 .1963684 .7696289 
 .4855203 .8183250 
 .4824941 .4137758 
 .9437044 .7980547 
 .5224232 .2867004 
 .9244912 .7319950 
 .4921580 .4732468 
 .2390205 .0178036 
 .4262112 .7622243 
 .7354923 .3065768 
 .0056183 .7438816 
 .2755995 .9354484 
 .3887224 .5495221 
 .9406634 .1280330 
 .5047086 .2327657 
 .9579231 .9672921 
 .2865229 .6121023 
 .1888849 .4258704 
 .8732911 .5306940 
 .3015621 .3375385 
 .0228180 .6801287 
 .3357278 .4421107 
 .6898516 .5558063 
 .8313817 .8046180 
 .4806930 .3761156 
 .7793901 .2046379 
 .7120836 .9563312 
 .3111104 .6580403 
 .9922574 .0694933 
 .3996639 .1530437 
 .2022658 .6762200 
 .2157714 .9749097 
 .7713241 .9267186 
 .6696356 .6158703 
 .1836436 .8319888 
 .7686320 .1135204 
 .3861629 .2056371 
 .6074782 .5639350 
 .5344305 .5686128 
 .1494831 .2847293 
 .3527707 .2998333 
 .7083497 .3651995 
 .0174514 .9568530 
 .6412148 .7800857 
 .3080108 .3707387 
 .8440688 .4424295 
 .9098569 .2639233 
 .0168145 .0489805 
 .9758766 .6122958 
 .3408952 .7856703 
 .8387435 .0739380 
 .3790661 .3053539 
 .2690446 .2750109 
 .0433971 .1973466 
 .7449214 .7541130 
 .9503866 .7077874 
 .3717837 .5332569 
 .1450472 .9485758 
 .5884759 .6572219 
 .9703950 .3950833 
 .5291986 .1117199 
 .9138409 .2010635 
 .4761784 .2203422 
 .8939597 .7727180 
 .5216881 .2939141 
 .1638908 .0997336 
 .3322042 .7644568 
 .4926320 .4338355 
 .4324057 .5177224 
 .4216045 .8670262 
 .0500261 .3190074 
 .2475258 .9617299 
 .3194190 .2199475 
 .2077118 .5305751 
 .2547542 .1900275 
 .5818621 .5990463 
 .7831656 .9238950 
 .7040601 .0917625 
 .3716012 .2600150 
 .0165513 .3822105 
 .1737147 .7710361 
 .2967576 .9934252 
 .6375592 .1522338 
 .2423452 .8278797 
 .3112469 .7798316 
 .0848958 .6707715 
 .0097768 .4116666 
 .3872439 .6214882 
 .0970701 .0718300 
 .4167417 .7703462 
 .6155375 .7493722 
 .4180002 .9962403 
 .2713999 .1371828 
 .8629458 .2976653 
 .4551389 .1665304 
 .6497219 .6041897 
 .8280327 .9187514 
 .7589675 .5049208 
 .5103866 .4189912 
 .7477259 .6693187 
 .2249536 .0760132 
 .5465765 .7559380 
 .2278163 .8026739 
 .3909567 .0758179 
 .5338198 .2470016 
 .6169458 .9063502 
 .5371680 .6346949 
 .9264358 .7830453 
 .0501727 .4585514 
 .2055048 .9127356 
 .1320397 .0746327 
 .8793675 .5719247 
 .6401338 .0421473 
 .1113826 .4352412 
 .6810580 .0748712 
 .0936803 .6158270 
 .2282490 .4947073 
 .6119226 .1240043 
 .9543032 .2684917 
 .5629406 .7322557 
 .3350490 .6806633 
 .9154095 .0804575 
 .5411400 .4977185 
 .6717319 .4099428 
 .4518030 .6037323 
 .8428034 .6603895 
 .9020050 .4554508 
 .6027486 .8192398 
 .2938463 .6838035 
 .1519345 .3364114 
 .9381122 .5569462 
 .0750082 .0019715 
 .6027702 .0563965 
 .0152652 .7632625 
 .0794420 .6782540 
 .3637461 .3001999 
 .1716697 .8691786 
 .6349861 .4901688 
 .0827868 .7925240 
 .7127078 .8216287 
 .1465470 .8820593 
 .8268650 .9402489 
 .2980317 .8048529 
 .7847150 .3526588 
 .4108807 .8844125 
 .6269272 .3277448 
 .1022547 .0308551 
 .7065342 .6183863 
 .9892713 .5250066 
 .5727004 .1096339 
 .5176389 .7836831 
 .5492354 .1521166 
 .9099840 .1072552 
 .2834129 .3689625 
 .7205920 .4287481 
 .7453828 .2752502 
 .8451131 .7344319 
 .3111924 .2030194 
 .2158800 .0349259 
 .9795571 .8016730 
 .1010012 .8965245 
 .9579667 .7402524 
 .8909815 .3955632 
 .4988650 .0690720 
 .1604498 .1724334 
 .8504248 .8356088 
 .9822816 .7121317 
 .5752460 .7628709 
 .9821668 .1782534 
 .5380525 .7947657 
 .1761262 .6279066 
 .0115462 .7367679 
 .6418011 .2244050 
 .2269155 .6534928 
 .6341666 .5685800 
 .1184814 .6471351 
 .6528209 .3514176 
 .9845140 .5891769 
 .6738281 .4912489 
 .4997709 .7068214 
 .4343991 .4961939 
 .3486947 .9673128 
 .1511449 .1627500 
 .2678783 .2271826 
 .8973748 .4976180 
 .2462592 .3265515 
 .2846083 .9828428 
 .9729512 .8554438 
 .9982673 .4824018 
 .4745638 .2816756 
 .7250818 .1372782 
 .5627105 .5277776 
 .3652233 .8790931 
 .7220640 .8746521 
 .1182433 .5103139 
 .1011928 .1467684 
 .7286857 .8902026 
 .2014119 .3296963 
 .2224206 .3057773 
 .7594088 .8552078 
 .8934795 .7094365 
 .4413697 .4690603 
 .8360921 .7203008 
 .7511344 .5164527 
 .3679139 .1030534 
 .6314634 .2220415 
 .3557328 .2818907 
 .4222095 .6248563 
 .5194075 .1813952 
 .1359496 .7104868 
 .7260889 .6115189 
 .6118741 .3580635 
 .2550511 .2686730 
 .3913328 .3198508 
 .8613731 .3849594 
 .6898285 .8462443 
 .7294259 .7361215 
 .3743199 .9656467 
 .3072780 .1666232 
 .3328600 .9716204 
 .4609037 .4956625 
 .1747600 .4409095 
 .9801114 .5566744 
 .1400359 .1249191 
 .4915600 .5582565 
 .9307698 .2810740 
 .2607631 .7372445 
 .5956173 .3336730 
 .8547393 .6431441 
 .4809040 .0084486 
 .5376196 .0230905 
 .6740056 .0405632 
 .6182155 .2812180 
 .5608855 .9192507 
 .4839492 .4165750 
 .5411893 .5482853 
 .1497996 .1877920 
 .2200661 .7519468 
 .9216863 .4363773 
 .3423156 .7606992 
 .0061498 .8870681 
 .3554438 .6264253 
 .0649496 .6338771 
 .9751660 .3383044 
 .9744486 .6526314 
 .8587220 .5693089 
 .2530352 .2306802 
 .0344737 .7493647 
 .3005152 .7853367 
 .8445489 .7414953 
 .9740337 .2052915 
 .7721751 .9362862 
 .0158297 .0819792 
 .7757334 .1597968 
 .0466218 .9264685 
 .9538434 .4301340 
 .5298497 .0551744 
 .0238896 .2553299 
 .2689919 .0753193 
 .9017118 .7344557 
 .2829088 .0469034 
 .5016182 .0370874 
 .6602835 .1177451 
 .7998452 .6628592 
 .2588902 .8352109 
 .4749897 .9299071 
 .6112902 .9833518 
 .4971807 .0530742 
 .5357763 .6655742 
 .5127505 .5318320 
100
   0.2747456   0.0464678
   0.9927552   0.0800304
   0.1476888   0.0796447
   0.2805665   0.4484554
   0.4982478   0.8940019
   0.0156746   0.2746502
   0.9714187   0.2212781
   0.4164951   0.2561370
   0.3634193   0.2718471
   0.4159668   0.2562429
   0.3028505   0.4612696
   0.4511670   0.2853909
   0.0763532   0.8217415
   0.9652387   0.3917417
   0.3736224   0.9697014
   0.4773686   0.6483680
   0.0161692   0.4701239
   0.7283985   0.1638580
   0.5497685   0.0089649
   0.6123134   0.0480164
   0.9029668   0.6279880
   0.3226666   0.8743855
   0.8492662   0.7391617
   0.1305225   0.2126855
   0.0110088   0.5464893
   0.4689284   0.3138593
   0.0077590   0.9200954
   0.5992502   0.0841122
   0.7418369   0.5644889
   0.4758539   0.1154593
   0.5341904   0.9532225
   0.7638273   0.5503595
   0.4233464   0.4922258
   0.7142175   0.9731149
   0.5011907   0.3265309
   0.0211313   0.4041576
   0.9545190   0.3437979
   0.2785431   0.8037852
   0.0829596   0.4090657
   0.0164706   0.0939683
   0.9555550   0.4853991
   0.4078276   0.9633139
   0.4054944   0.0070778
   0.0474261   0.1473313
   0.5715667   0.5232800
   0.2627906   0.1057571
   0.4765025   0.0266180
   0.6561166   0.8998489
   0.5188438   0.3703341
   0.8729638   0.0200345
   0.6968651   0.8940951
   0.4241921   0.6513841
   0.2378930   0.7027352
   0.4551692   0.3208525
   0.1118008   0.4716399
   0.4148209   0.0673558
   0.9570389   0.8226485
   0.0306697   0.3625333
   0.8297262   0.0780958
   0.5098646   0.4012929
   0.6013758   0.7726553
   0.5070500   0.0778783
   0.7992732   0.1631666
   0.9777272   0.3181170
   0.5335008   0.8506910
   0.3381515   0.2303658
   0.7447861   0.7623436
   0.8817499   0.9826791
   0.4650788   0.3369191
   0.3035316   0.5768796
   0.8085590   0.7183524
   0.6442354   0.7655979
   0.5410009   0.6749051
   0.1281312   0.3707271
   0.7530010   0.6379958
   0.7720201   0.3543768
   0.4106511   0.2790701
   0.4322551   0.2099244
   0.4422367   0.4099823
   0.5280414   0.9757374
   0.2606733   0.8661929
   0.2061033   0.0054594
   0.6285365   0.0878532
   0.9881385   0.0936153
   0.4247723   0.2916701
   0.6704949   0.2333312
   0.0100225   0.3147303
   0.9989291   0.5510234
   0.9896355   0.1270603
   0.9217506   0.7426365
   0.7650561   0.6937706
   0.0970132   0.1757072
   0.9728407   0.5292683
   0.3856316   0.4150774
   0.9392507   0.9136729
   0.3908149   0.1999240
   0.7798658   0.5969182
   0.2053834   0.4084023
   0.6847713   0.1935219
   0.5020176   0.1095436
250
   0.2069654   0.6995154
   0.2034307   0.3588790
   0.8845313   0.4632374
   0.7227528   0.6292115
   0.7207949   0.7304652
   0.0540748   0.9231773
   0.0740991   0.9287022
   0.8842824   0.0917934
   0.0898955   0.3307895
   0.6858023   0.9032685
   0.0947479   0.6750120
   0.2615602   0.2729728
   0.9914578   0.2373887
   0.3081078   0.6704191
   0.7412130   0.2296066
   0.9381767   0.9481784
   0.9291220   0.1416074
   0.3070574   0.8136534
   0.6048448   0.0298102
   0.4428649   0.3256396
   0.7602754   0.4969397
   0.2488169   0.8343746
   0.4256419   0.1330994
   0.9261679   0.5155373
   0.4638889   0.6119703
   0.4188058   0.5586368
   0.2869823   0.6803661
   0.8316097   0.2784401
   0.9177548   0.1397175
   0.9488592   0.6589678
   0.3693242   0.8870358
   0.6071462   0.2984462
   0.0286432   0.9142036
   0.1120996   0.6334880
   0.9440139   0.5549645
   0.9591276   0.7042893
   0.0519042   0.2079446
   0.5386638   0.4775461
   0.3410439   0.4648318
   0.9930834   0.8049328
   0.0768020   0.4118892
   0.3635697   0.3637843
   0.0922553   0.1951794
   0.6422244   0.0100101
   0.3348969   0.5910836
   0.6689778   0.7042211
   0.4781194   0.2761240
   0.0026673   0.5067626
   0.1903276   0.1147669
   0.1402506   0.1343415
   0.6697314   0.0993782
   0.8386308   0.7216355
   0.3073228   0.3772946
   0.1991816   0.6483667
   0.8421264   0.1922650
   0.4532996   0.9189284
   0.6041543   0.8168693
   0.2827127   0.6964096
   0.0120486   0.9249371
   0.7064197   0.3469456
   0.5160207   0.3753975
   0.0511667   0.9941401
   0.6515215   0.0538340
   0.5009027   0.8418491
   0.1686009   0.6411533
   0.9761906   0.8383322
   0.7405316   0.8148214
   0.5599678   0.0478544
   0.1921160   0.7591494
   0.6962211   0.0342424
   0.9514145   0.1495206
   0.9531708   0.5555687
   0.9663899   0.2358835
   0.2519783   0.9784385
   0.1608206   0.9583980
   0.3253841   0.6768413
   0.3337955   0.3765507
   0.6709814   0.9853170
   0.4303847   0.1718841
   0.8271661   0.5989856
   0.8130375   0.8033567
   0.4373179   0.5535690
   0.6181781   0.9972857
   0.6014234   0.8102941
   0.7564351   0.2976444
   0.8445365   0.7078495
   0.4471651   0.7977073
   0.2634183   0.4135550
   0.0335908   0.5153966
   0.3919935   0.1944115
   0.4737946   0.7173776
   0.8712528   0.8075900
   0.0939283   0.5422342
   0.7929070   0.5243131
   0.7141184   0.6200731
   0.1232987   0.5271558
   0.4234298   0.5606166
   0.0807248   0.0416079
   0.5579022   0.6821482
   0.8519021   0.3143373
   0.9797927   0.6964386
   0.0221869   0.4269577
   0.4941459   0.2856051
   0.8405127   0.5277367
   0.8010017   0.2325063
   0.7221482   0.2747963
   0.9498839   0.5934010
   0.0823863   0.0438122
   0.1356352   0.8752933
   0.5681253   0.8497536
   0.4953664   0.6914240
   0.3769094   0.9187962
   0.2520406   0.4576342
   0.9604042   0.8099428
   0.1397824   0.8123062
   0.1242801   0.1195751
   0.5087448   0.1464670
   0.5465328   0.0028907
   0.4320722   0.3870456
   0.5306274   0.2330739
   0.6195518   0.2527756
   0.5078702   0.5694357
   0.8461765   0.5902565
   0.6132479   0.9818118
   0.4655498   0.1813732
   0.8315653   0.9609162
   0.8727972   0.2084747
   0.8797125   0.1248377
   0.6661090   0.8401166
   0.9347806   0.8058914
   0.6524229   0.0590607
   0.9254665   0.1611677
   0.2055277   0.4719993
   0.1640584   0.6375999
   0.8590449   0.6946857
   0.8706738   0.4785967
   0.9474613   0.3785440
   0.0480324   0.7936378
   0.9688005   0.6612803
   0.7754496   0.4343503
   0.8426535   0.6070149
   0.3952665   0.7154506
   0.8154897   0.2749790
   0.8402884   0.4815987
   0.1150956   0.7750690
   0.2874901   0.7675185
   0.8341297   0.2129566
   0.9286862   0.0396574
   0.6849559   0.0927445
   0.6772573   0.5440008
   0.7874303   0.5479311
   0.0225976   0.7348915
   0.9264750   0.0706300
   0.5285294   0.8952755
   0.7319103   0.3039790
   0.3296258   0.5745638
   0.9109939   0.7248924
   0.2900144   0.7264836
   0.9998714   0.1303028
   0.2080823   0.1149670
   0.9053717   0.4955724
   0.8824855   0.7395014
   0.7085289   0.8111716
   0.7791588   0.3934848
   0.9039162   0.4564161
   0.9374857   0.6913464
   0.0043472   0.9600833
   0.4262380   0.9308222
   0.0307132   0.9547674
   0.8260977   0.7626235
   0.2587464   0.1557235
   0.3371873   0.1697403
   0.8806159   0.6272017
   0.8962239   0.8804872
   0.7575044   0.1043062
   0.9954542   0.6628762
   0.5998785   0.8779397
   0.4023776   0.3084075
   0.6891113   0.1815364
   0.7018923   0.5930275
   0.6379525   0.6393780
   0.2843739   0.6422996
   0.5994612   0.7106119
   0.5731219   0.6301745
   0.6653793   0.3992196
   0.3927980   0.9241256
   0.5549431   0.7299853
   0.0938659   0.4355590
   0.3571870   0.9900898
   0.3160463   0.1146914
   0.0943960   0.3115005
   0.7775676   0.6942745
   0.1894402   0.1799451
   0.0026820   0.8785515
   0.3614815   0.7045743
   0.4715790   0.9994340
   0.3439523   0.7559530
   0.6417336   0.9434135
   0.4665649   0.2148555
   0.5735880   0.1319442
   0.6140751   0.9663860
   0.0560698   0.1690182
   0.6963713   0.1499357
   0.6045772   0.0535583
   0.1400255   0.9206235
   0.1682497   0.2344215
   0.2321240   0.9458173
   0.9286961   0.4215641
   0.1257624   0.9313781
   0.3001157   0.4872439
   0.6359524   0.7716947
   0.4866779   0.9799047
   0.5276477   0.1284115
   0.9233183   0.9942125
   0.3432670   0.4969063
   0.1261567   0.9573421
   0.4632923   0.1822265
   0.1263603   0.1596637
   0.3321622   0.7309375
   0.2132220   0.4721877
   0.6515610   0.3814717
   0.7066093   0.8836849
   0.3272890   0.6353053
   0.3052491   0.4530514
   0.5666834   0.6053647
   0.9402953   0.2026359
   0.3770594   0.4269732
   0.1825406   0.9047071
   0.5553848   0.1058589
   0.8989196   0.8986518
   0.6027652   0.0250763
   0.8559939   0.0660575
   0.2073028   0.9823542
   0.2257212   0.5394650
   0.7132917   0.4389432
   0.0116527   0.3648527
   0.8204149   0.7182620
   0.2485377   0.1477038
   0.3535673   0.5537868
   0.6007552   0.9202507
   0.1591515   0.5410505
   0.1228866   0.5362109
   0.9680237   0.3054272
   0.4409180   0.5234085
   0.4112861   0.3398376
   0.4220603   0.0140512
   0.3649140   0.2780542
   0.0801088   0.5722168
   0.2604084   0.3058300
   0.1116818   0.9737001
500
   0.0764689   0.2878097
   0.7845405   0.6260232
   0.8973802   0.4804682
   0.2721224   0.6894646
   0.9957792   0.4884915
   0.6962656   0.9342260
   0.8641159   0.9477345
   0.8159241   0.3488903
   0.4380842   0.3039216
   0.3303895   0.9083346
   0.5186188   0.8721087
   0.5541627   0.0126634
   0.6170549   0.8328630
   0.5756695   0.9808483
   0.0371006   0.5738186
   0.8470552   0.1135695
   0.8616283   0.6315957
   0.7395926   0.7590085
   0.1120638   0.0117151
   0.4484731   0.1078430
   0.5002066   0.1447387
   0.0420690   0.3643225
   0.0924732   0.8579931
   0.7132128   0.5305574
   0.1619147   0.0436023
   0.4388920   0.6805335
   0.9157110   0.9930547
   0.6931969   0.5327659
   0.8259177   0.2688665
   0.5136142   0.8630182
   0.8426851   0.3606694
   0.9765877   0.7043134
   0.9922651   0.7161803
   0.4633219   0.1043289
   0.7278954   0.9117950
   0.2121719   0.2281020
   0.0565336   0.2542410
   0.5924245   0.1490068
   0.1122341   0.3056373
   0.6795641   0.2741488
   0.3492397   0.1184561
   0.9546823   0.2649506
   0.1115108   0.6478792
   0.7977165   0.9374285
   0.9167457   0.3113308
   0.8004467   0.7594308
   0.6720002   0.7770344
   0.4637441   0.6642652
   0.4932147   0.9270660
   0.7685941   0.2211101
   0.8388610   0.9807661
   0.4492121   0.8953946
   0.2350070   0.0416366
   0.0444014   0.3472411
   0.3472739   0.7239656
   0.6213899   0.6965136
   0.8424217   0.5760721
   0.9614642   0.9539325
   0.2239513   0.7591808
   0.8913610   0.1406970
   0.0705116   0.6918077
   0.9001278   0.7425117
   0.4688421   0.3638719
   0.4067770   0.9620568
   0.2909379   0.1753711
   0.1831669   0.1297989
   0.1561372   0.6323790
   0.0251935   0.3911442
   0.6740156   0.0695949
   0.7383853   0.0212895
   0.7935605   0.3597752
   0.7178031   0.6359821
   0.9358473   0.6792674
   0.5899146   0.1597986
   0.4384481   0.4812756
   0.3004956   0.5089597
   0.1730833   0.2006234
   0.2514714   0.6419254
   0.5644953   0.6582484
   0.6039822   0.8554332
   0.8336195   0.7871491
   0.9852321   0.9897567
   0.4195281   0.0104256
   0.3809009   0.0935437
   0.0800205   0.1192862
   0.1148333   0.8735809
   0.4790614   0.8326364
   0.5095631   0.4149087
   0.5119038   0.0994777
   0.5747074   0.9503519
   0.5807533   0.8752030
   0.4593116   0.7538366
   0.0758264   0.7107831
   0.3957620   0.6403217
   0.3690314   0.9997442
   0.4957548   0.2026509
   0.7868933   0.4809869
   0.1924076   0.2064214
   0.4914125   0.5733085
   0.2999651   0.5714329
   0.6925947   0.4147984
   0.4450139   0.1716562
   0.2474348   0.9545769
   0.5865649   0.7593386
   0.0540546   0.1612722
   0.7096905   0.6348079
   0.0364752   0.1690022
   0.3886445   0.1123016
   0.8797852   0.7844065
   0.7526233   0.2488166
   0.7841506   0.2483781
   0.4514676   0.5710439
   0.7293650   0.6438752
   0.7774653   0.2207775
   0.2171837   0.0774304
   0.7922104   0.9097784
   0.4922288   0.2372243
   0.0814346   0.7396636
   0.1918012   0.6679994
   0.4990022   0.2458558
   0.8292717   0.2086927
   0.8806637   0.8657469
   0.3776949   0.2693082
   0.9780485   0.2574801
   0.0537147   0.7306718
   0.5062967   0.8378653
   0.9790499   0.9577643
   0.4089092   0.7084150
   0.6016394   0.1863745
   0.9291924   0.8188231
   0.2638049   0.7214029
   0.7286015   0.7560337
   0.9586271   0.8100360
   0.4956973   0.1504283
   0.4780355   0.9946995
   0.3962841   0.3073071
   0.2033923   0.2769477
   0.1730541   0.5810871
   0.5462559   0.1511026
   0.8385672   0.5999706
   0.8817744   0.3448640
   0.4378359   0.8608244
   0.3026282   0.8467451
   0.5692394   0.9042677
   0.0331196   0.4984318
   0.7230908   0.2969245
   0.2198346   0.4516922
   0.0529582   0.1784618
   0.2617283   0.5486555
   0.3288900   0.7397637
   0.5433551   0.7251741
   0.0470709   0.7467473
   0.0021218   0.2201250
   0.3278345   0.5483778
   0.3712276   0.1664017
   0.1483483   0.2530020
   0.5112656   0.5861842
   0.1138264   0.8138939
   0.4329293   0.6830658
   0.7181615   0.4660489
   0.1814976   0.4412523
   0.7629733   0.4013322
   0.8929445   0.8159315
   0.5797940   0.1546728
   0.3645870   0.9086840
   0.8944365   0.9079421
   0.6338581   0.9415074
   0.6546894   0.6359799
   0.1616324   0.9825239
   0.1843577   0.5328600
   0.1489255   0.3327060
   0.7858620   0.6601912
   0.9188902   0.8996884
   0.4740850   0.3518195
   0.5827541   0.1922466
   0.8178684   0.7642517
   0.6334989   0.5808417
   0.1655839   0.5264434
   0.3967732   0.7453779
   0.6811162   0.7613602
   0.6540619   0.5755528
   0.6693023   0.2879199
   0.5170602   0.3239917
   0.9238998   0.6786926
   0.3065155   0.1082575
   0.2115525   0.4554411
   0.4409635   0.9974145
   0.1156323   0.3598537
   0.8971029   0.5897173
   0.7116733   0.4798570
   0.7819639   0.5295416
   0.2441087   0.4154628
   0.1103833   0.4096926
   0.9419062   0.5071565
   0.1550705   0.6230224
   0.2685167   0.8091323
   0.1985751   0.9378190
   0.0970523   0.7156353
   0.2618107   0.0209521
   0.3943279   0.5683263
   0.1292096   0.6058804
   0.0237673   0.5701732
   0.6032949   0.1393996
   0.9300269   0.5003978
   0.7291169   0.6417001
   0.9802548   0.5110808
   0.1712418   0.2243635
   0.9265435   0.2816251
   0.6340561   0.8684497
   0.7887816   0.7891266
   0.4914721   0.0572983
   0.5982589   0.6900473
   0.9951173   0.6953112
   0.4056826   0.2569280
   0.7162633   0.8000105
   0.8252543   0.8454729
   0.4058909   0.8490216
   0.4156461   0.0091858
   0.9884212   0.3456729
   0.5095835   0.7175381
   0.9873731   0.4898383
   0.2286189   0.1586148
   0.7142018   0.1551625
   0.4402399   0.3482579
   0.0236122   0.2290215
   0.1373844   0.5150843
   0.2863198   0.7356433
   0.2051316   0.2814371
   0.4309545   0.6108141
   0.5383651   0.1472177
   0.4108246   0.3636194
   0.9926907   0.8167155
   0.2126410   0.4083367
   0.8259013   0.2010623
   0.7540097   0.3354848
   0.9186004   0.7413828
   0.8253231   0.1472194
   0.8999976   0.5395249
   0.3023819   0.3402375
   0.8877828   0.3259941
   0.5692590   0.0251673
   0.8410784   0.8555788
   0.7608106   0.0462099
   0.1370158   0.1917650
   0.6570240   0.6753810
   0.3389828   0.0678487
   0.0390004   0.3316734
   0.8845641   0.2516414
   0.7400102   0.7104654
   0.4527037   0.4940198
   0.0459502   0.3713041
   0.2354026   0.8712734
   0.5185235   0.1354002
   0.4107983   0.8209054
   0.4756377   0.2985811
   0.1468994   0.0448967
   0.3237484   0.9879778
   0.9004754   0.0845590
   0.0341877   0.0374913
   0.2763240   0.6912118
   0.7128722   0.6153068
   0.7590604   0.7518726
   0.9469802   0.6436246
   0.0035140   0.6869904
   0.3540900   0.4562177
   0.1810102   0.4000402
   0.8275218   0.4164128
   0.2713135   0.3460453
   0.5518130   0.6821118
   0.1669507   0.0274506
   0.9806930   0.3138502
   0.0723473   0.3044413
   0.3018280   0.9728227
   0.3890003   0.3360157
   0.0103140   0.6653243
   0.0272274   0.7231862
   0.2806311   0.7862879
   0.4750588   0.2276113
   0.4299124   0.4785727
   0.9146017   0.7840024
   0.9347904   0.0956119
   0.1840426   0.7623122
   0.5120247   0.4553561
   0.1083576   0.0638377
   0.1374680   0.2753083
   0.0912883   0.1181609
   0.5891585   0.1636356
   0.4226023   0.8909864
   0.1364583   0.8116026
   0.2270021   0.1467723
   0.4769269   0.2542295
   0.8699585   0.7575579
   0.0405174   0.3450173
   0.9851693   0.4704298
   0.8235900   0.8997709
   0.2544322   0.7583804
   0.9953829   0.4384748
   0.5206927   0.5074076
   0.8938309   0.6290502
   0.5712452   0.0312988
   0.9043585   0.6625335
   0.1494598   0.4935170
   0.8261691   0.5720621
   0.3845034   0.9626274
   0.3836646   0.6115055
   0.1093998   0.8605915
   0.8657350   0.9793583
   0.6181495   0.9062524
   0.3243756   0.6033187
   0.3766822   0.1479656
   0.5030897   0.6311144
   0.9063460   0.4984725
   0.0695891   0.4270387
   0.0058801   0.9634200
   0.0560889   0.5771253
   0.9947188   0.9604474
   0.2396588   0.1441786
   0.4539644   0.0658279
   0.7162407   0.8384678
   0.0284554   0.0999053
   0.4499733   0.1378551
   0.9604968   0.3157083
   0.1172134   0.5786463
   0.2219607   0.4415890
   0.1819650   0.5986428
   0.5895546   0.6850547
   0.2297572   0.4959006
   0.1835272   0.2993463
   0.9229393   0.1894073
   0.2627663   0.9790282
   0.7665326   0.2574851
   0.9394757   0.0061914
   0.4016638   0.3934401
   0.0720193   0.1179044
   0.2319079   0.1004746
   0.2178098   0.6818812
   0.2383298   0.1783066
   0.9975895   0.3555432
   0.7569529   0.2195501
   0.7971322   0.9389179
   0.8181930   0.3866868
   0.6239726   0.0479501
   0.8825874   0.8074998
   0.3472965   0.8055267
   0.9969070   0.6100628
   0.7845549   0.7634396
   0.8675479   0.7240305
   0.7696309   0.2692117
   0.1174706   0.8416502
   0.3871161   0.3493785
   0.9421249   0.6049259
   0.0312597   0.1804546
   0.7832325   0.0288492
   0.5359978   0.5401854
   0.2483993   0.3331300
   0.4791033   0.0665923
   0.7198167   0.1030759
   0.1145424   0.6024041
   0.9105757   0.4618389
   0.4079308   0.9074827
   0.0719016   0.1924856
   0.6709223   0.9394495
   0.9165162   0.4405533
   0.2086612   0.0339868
   0.2822035   0.5957773
   0.3833653   0.2243283
   0.2007032   0.4146251
   0.4047829   0.9839357
   0.4434743   0.9407807
   0.5241211   0.6918736
   0.2739107   0.0032244
   0.7584659   0.9937275
   0.1063003   0.8730083
   0.5961316   0.0168760
   0.3348471   0.0040623
   0.9243587   0.4067488
   0.1965479   0.5952810
   0.3461983   0.1130641
   0.0358343   0.5548595
   0.1470509   0.3180378
   0.1506368   0.5304163
   0.5423661   0.3513400
   0.9450413   0.9471490
   0.3352756   0.3885156
   0.8879298   0.8593967
   0.0803892   0.1618405
   0.8626211   0.8388551
   0.1555680   0.9689214
   0.7118633   0.7516995
   0.9857974   0.0467105
   0.7557618   0.9101562
   0.4534592   0.9523098
   0.5054372   0.7996575
   0.0653739   0.5412715
   0.3545170   0.2124248
   0.8593092   0.5051538
   0.7428411   0.4016753
   0.8564937   0.6878824
   0.3488243   0.1917693
   0.0763980   0.2367541
   0.0511661   0.1567873
   0.3985946   0.9137872
   0.9956423   0.5541626
   0.8827086   0.7075057
   0.3058621   0.8685061
   0.7542162   0.0616239
   0.7786622   0.2076754
   0.0139337   0.2840994
   0.0073329   0.0793076
   0.8253709   0.3618499
   0.2917324   0.6846801
   0.8670036   0.0345735
   0.0863554   0.7234973
   0.7224559   0.4351797
   0.9152667   0.7988539
   0.6719338   0.9664327
   0.9556412   0.0705284
   0.8802199   0.9512835
   0.6246910   0.7629286
   0.6587892   0.9305531
   0.6314346   0.4130053
   0.9921770   0.4100968
   0.6206807   0.0061107
   0.6941962   0.6280136
   0.0854183   0.5195671
   0.9898635   0.3771507
   0.2042472   0.8568672
   0.4117242   0.2906026
   0.5803645   0.1341801
   0.7257823   0.4956312
   0.9330340   0.3977161
   0.4620639   0.8886752
   0.4682446   0.3422839
   0.8399587   0.0929356
   0.1052124   0.4987479
   0.0234887   0.7366471
   0.9117533   0.0156658
   0.1467439   0.5324340
   0.0217765   0.8409402
   0.1604476   0.1071948
   0.3605073   0.1503112
   0.4843456   0.5647544
   0.0071783   0.8960698
   0.8553570   0.5875429
   0.0302499   0.5811393
   0.0831741   0.9632839
   0.9788554   0.5452380
   0.8519591   0.4471000
   0.8875219   0.6919178
   0.5400356   0.9927343
   0.1906658   0.5635243
   0.7293814   0.1024190
   0.5791901   0.8761253
   0.6348530   0.6009666
   0.7170654   0.7953007
   0.7081614   0.0775727
   0.9456119   0.1925070
   0.6423271   0.9527902
   0.0885768   0.4976841
   0.5403330   0.1188266
   0.0788234   0.6235071
   0.0821105   0.0576789
   0.1687451   0.9340696
   0.5047789   0.0562670
   0.6259874   0.0448145
   0.0490013   0.8166532
   0.6083388   0.7783826
   0.9190722   0.1875289
   0.6545079   0.5539253
   0.7884955   0.3715733
   0.3492259   0.4966569
   0.4491460   0.2948378
   0.6891639   0.0914731
   0.2476280   0.7777407
   0.5891572   0.7879610
   0.8965673   0.6679807
   0.4114681   0.9786778
   0.7256595   0.5802132
   0.9127474   0.2304384
   0.6364802   0.5387348
   0.2752529   0.6854815
   0.3553880   0.8835917
   0.4638641   0.2744602
   0.0711206   0.1183720
   0.8283855   0.8596160
   0.4899453   0.1776114
   0.3562729   0.9390913
   0.4724492   0.0454368
   0.0305643   0.7200772
   0.8231775   0.6197216
   0.5080382   0.7197448
   0.2877022   0.9195064
   0.6984226   0.0133617
   0.4997196   0.6111700
   0.2438001   0.1361998
   0.1499049   0.5190530
   0.8216813   0.5052928
   0.4026447   0.2855454
   0.7797530   0.4737653
   0.4039173   0.6081385
