 15 
 40 
 .3693751 .1811814 
 .8970252 .9779520 
 .6475693 .7907135 
 .6193001 .9552824 
 .0642794 .2484342 
 .4102964 .6464451 
 .7583406 .0965031 
 .3746532 .3075155 
 .8961291 .7741235 
 .7301156 .3157784 
 .1637706 .3707489 
 .0027878 .4417263 
 .5611100 .0037145 
 .1758993 .7181179 
 .1314262 .8309827 
 .3919274 .4007415 
 .3358407 .3596689 
 .6874474 .7684076 
 .0445686 .5716852 
 .7082390 .3189811 
 .9162462 .1349876 
 .4753608 .0534672 
 .3067040 .7158148 
 .3050258 .7083333 
 .5123871 .7047449 
 .3675687 .6419093 
 .5213138 .5056550 
 .7325113 .1858822 
 .6136721 .3375276 
 .9040899 .1571377 
 .9100235 .1277821 
 .8085385 .3455146 
 .7802888 .8332168 
 .1423082 .5439673 
 .0613713 .1489826 
 .3081710 .4012132 
 .1330941 .2330852 
 .4201983 .3226910 
 .6062480 .3969835 
 .8028327 .0306256 
 40 
 .9056115 .7427122 
 .9850949 .3626958 
 .2949813 .9518900 
 .5272841 .5232779 
 .4881901 .7777517 
 .4307547 .3210163 
 .2049486 .6212526 
 .8753866 .8885864 
 .8357828 .6871177 
 .2956154 .8794898 
 .4365048 .8537225 
 .2232631 .0045981 
 .9272134 .2276836 
 .9603145 .7774637 
 .6589203 .5032816 
 .2511192 .1891745 
 .1552011 .2591253 
 .1426844 .3752834 
 .2469292 .1880648 
 .7826468 .7511144 
 .0928248 .3970641 
 .8235993 .0970718 
 .5023952 .1948256 
 .3835872 .1294912 
 .0235096 .5072029 
 .3472027 .5895918 
 .5845077 .9621259 
 .5586855 .1552630 
 .9380278 .9426754 
 .7242028 .7972667 
 .2758281 .1323611 
 .3589281 .7699935 
 .3934119 .3213624 
 .8270786 .3917105 
 .5904102 .9947664 
 .5586081 .2123052 
 .6950828 .4094582 
 .2011956 .1074065 
 .4841295 .8485757 
 .2844206 .2334647 
 40 
 .3049035 .3221034 
 .6259865 .5234487 
 .5562568 .3975432 
 .0764467 .3292835 
 .1942746 .7714312 
 .3455074 .6945466 
 .6352209 .7440615 
 .8335407 .2762992 
 .0527939 .4869037 
 .0478393 .7727705 
 .5204131 .8831469 
 .9432916 .4359795 
 .8294085 .2023484 
 .2079572 .3748004 
 .9057869 .8035903 
 .1193856 .3414781 
 .0243954 .7486355 
 .3188477 .9377189 
 .6399191 .3856066 
 .0668537 .0072490 
 .4669100 .8104666 
 .8208113 .6696714 
 .9810998 .2413422 
 .0683430 .2026076 
 .0042524 .8002792 
 .1990432 .9399991 
 .3849277 .4766374 
 .9322087 .6061093 
 .5954026 .0717997 
 .7547399 .0667299 
 .6157920 .0594654 
 .4658784 .3083978 
 .7427869 .3403115 
 .9651386 .4475937 
 .6025293 .0625058 
 .7355970 .5569529 
 .0126397 .6962343 
 .1330497 .8440115 
 .4624499 .5043403 
 .8463173 .9369559 
 40 
 .5857349 .9931424 
 .1866012 .3657869 
 .4968342 .8457869 
 .8231563 .3582634 
 .3466644 .6608817 
 .0250674 .3175108 
 .7149053 .4049248 
 .3984961 .2692688 
 .9612491 .1389756 
 .7168145 .5559719 
 .5721918 .0363899 
 .1064602 .4442084 
 .7080736 .1450410 
 .1405476 .3711456 
 .1130994 .3775532 
 .0591576 .4912497 
 .5215423 .8874683 
 .3212025 .1416162 
 .5864179 .7962259 
 .1267387 .9044844 
 .7702598 .1011486 
 .7469820 .1285675 
 .8563936 .8815662 
 .9659654 .0337248 
 .7359469 .4295644 
 .3641911 .7607601 
 .5609078 .9018932 
 .4396552 .7717885 
 .5745067 .1960893 
 .7316832 .6261922 
 .9722028 .1101459 
 .4420118 .0597339 
 .7322654 .0018766 
 .9768842 .1244238 
 .8945088 .1097554 
 .9925152 .4862922 
 .3568139 .8572434 
 .7305198 .3468264 
 .6868260 .7007304 
 .6836964 .3085214 
 40 
 .1832875 .6979928 
 .1273256 .2402972 
 .6280274 .7077869 
 .1657820 .1464918 
 .6933239 .1576450 
 .2451760 .4732650 
 .3453491 .2493841 
 .3238471 .4055900 
 .0353468 .3610802 
 .0152256 .6610882 
 .9062464 .7385610 
 .1507730 .1558116 
 .2612290 .2746274 
 .6708119 .7212340 
 .4274949 .6134973 
 .0419615 .7481960 
 .8757951 .7921648 
 .2130241 .1169041 
 .6843269 .3777556 
 .3354141 .8743329 
 .5120304 .2563287 
 .1559997 .6110545 
 .2062956 .9871916 
 .3934416 .0756573 
 .7362668 .5084581 
 .9751674 .8910414 
 .7254694 .9525515 
 .3699242 .8850257 
 .5540271 .8304348 
 .2168093 .0374013 
 .5964619 .7338052 
 .0296986 .8338517 
 .1286095 .2861091 
 .1374730 .2985586 
 .9367108 .0842983 
 .5843078 .4838574 
 .5409071 .9895330 
 .0269205 .9965338 
 .7393257 .9598328 
 .4810005 .4432799 
 40 
 .1103557 .7217539 
 .0284563 .6270070 
 .0897301 .4398227 
 .4295282 .0031531 
 .8633180 .0874523 
 .3056341 .3303714 
 .8712286 .8146965 
 .6739403 .5800667 
 .1766103 .0472400 
 .8144964 .8986953 
 .9735392 .5757549 
 .6142377 .5775830 
 .4402907 .1809646 
 .7256600 .3467898 
 .0222332 .5007205 
 .3553973 .5792783 
 .7752295 .4318989 
 .7007139 .8138619 
 .0259340 .3602467 
 .6089397 .9621516 
 .4073917 .3512232 
 .7625545 .1755137 
 .0920324 .9776874 
 .5948676 .0699280 
 .2421656 .0067429 
 .4094373 .2341305 
 .4905796 .4564579 
 .1894566 .0115643 
 .4984792 .7393111 
 .9076834 .7189792 
 .8499297 .3463483 
 .5370397 .9510462 
 .9538522 .8449604 
 .3581315 .5656239 
 .1466051 .3521851 
 .6915805 .4303455 
 .4179367 .0302773 
 .1665859 .0575424 
 .4057677 .8952636 
 .5764880 .8181910 
 40 
 .4935065 .1330853 
 .9586650 .4011115 
 .6575841 .4200082 
 .6487799 .4030838 
 .5002618 .1200330 
 .7646127 .1684092 
 .6986786 .7953486 
 .1263613 .9497718 
 .6282217 .7672150 
 .4597892 .7805639 
 .5867745 .4923287 
 .4848376 .7141790 
 .9538821 .6994851 
 .9817161 .8176598 
 .5505316 .4264996 
 .1529400 .9625637 
 .8937258 .6086524 
 .7547064 .4294920 
 .1254921 .4356768 
 .9332964 .9664666 
 .9860748 .4902807 
 .0382643 .4847444 
 .8309534 .3206746 
 .6479376 .2457849 
 .5836816 .6333467 
 .5756001 .3344433 
 .5814959 .2086604 
 .8555851 .5080937 
 .1058657 .8665377 
 .9537564 .1788249 
 .2807949 .7058045 
 .2104214 .2831155 
 .9404022 .2095078 
 .4970033 .0150317 
 .6742566 .8879313 
 .1297026 .6770217 
 .9017810 .5969368 
 .3003128 .0063368 
 .5409212 .6349088 
 .9102271 .9720284 
 40 
 .3438580 .7377702 
 .1698800 .8518760 
 .6839851 .1465450 
 .2813320 .9725319 
 .5913272 .4415506 
 .7728164 .3491472 
 .9331978 .6847919 
 .6047430 .0498117 
 .2958492 .8882796 
 .2082941 .8298208 
 .5012968 .6690870 
 .5292630 .7631068 
 .6390758 .3377826 
 .4975785 .5126828 
 .5405506 .2086946 
 .8809377 .7356547 
 .9962202 .6690793 
 .1505415 .0558161 
 .6243843 .9879424 
 .9169946 .1400644 
 .7402252 .9097939 
 .0014054 .7034049 
 .1329711 .1272750 
 .7945075 .6981729 
 .3079891 .5601704 
 .9166204 .4108302 
 .1505756 .2250831 
 .2023950 .5263189 
 .4665170 .0357903 
 .7629406 .1950037 
 .4863457 .2422948 
 .5780176 .4577482 
 .9082683 .9476199 
 .1839134 .6951702 
 .8091520 .2237468 
 .1772937 .6496435 
 .8713803 .2075464 
 .2681573 .5426890 
 .6409816 .0573864 
 .4899129 .3330584 
 40 
 .4218521 .0920938 
 .1029590 .6265863 
 .0823008 .5543847 
 .0888789 .4898099 
 .3511801 .4165402 
 .4918757 .7049518 
 .6467043 .0902737 
 .9762720 .0411709 
 .3343438 .8661883 
 .7751849 .0505342 
 .4610776 .8792506 
 .8347777 .8089806 
 .0594433 .3010752 
 .7271818 .9321711 
 .3414037 .6608240 
 .3171816 .0605761 
 .4817004 .4949350 
 .9144791 .7219704 
 .8832532 .1600086 
 .6036925 .8747267 
 .1709390 .2887624 
 .6846203 .2814417 
 .7099011 .1393048 
 .9296039 .8665350 
 .9130667 .5338547 
 .1144750 .0180562 
 .3999211 .1927328 
 .6334692 .9850495 
 .2924871 .4687402 
 .7830394 .6169975 
 .3700147 .6392203 
 .4986139 .1481165 
 .9237770 .3189359 
 .1434233 .9411441 
 .1177383 .9546748 
 .7584716 .4047770 
 .3173705 .9280040 
 .5539593 .9556061 
 .7326964 .1391035 
 .1088805 .1162990 
 40 
 .0553967 .1229109 
 .6885272 .7714234 
 .4636777 .2471736 
 .4181382 .3227143 
 .0202253 .2862235 
 .0813426 .0163078 
 .3831161 .0176380 
 .5482667 .0125117 
 .8596801 .2522068 
 .9716154 .7285984 
 .8191634 .1190831 
 .7985948 .4389194 
 .6892854 .1634207 
 .3986389 .8338770 
 .2295691 .9864848 
 .9554242 .9269897 
 .2233198 .3189442 
 .6580282 .0019747 
 .5704675 .5550926 
 .7791993 .7914821 
 .0928546 .3148841 
 .7649808 .2953780 
 .9670792 .4051899 
 .9832571 .0363197 
 .0503616 .9223613 
 .4805913 .5083292 
 .6222400 .9133141 
 .3558930 .4321790 
 .0768831 .1676946 
 .7424046 .4591919 
 .4025756 .9625458 
 .6501293 .3695488 
 .0991601 .9740352 
 .0005526 .7369377 
 .4210500 .5965131 
 .2132338 .5603811 
 .0905223 .4932372 
 .9959716 .5158894 
 .1885161 .7087843 
 .0506915 .2122337 
 40 
 .7707515 .9012778 
 .9273567 .0411366 
 .5358105 .4413559 
 .1169852 .7245879 
 .9365325 .9500751 
 .7386647 .2503243 
 .5118329 .4229732 
 .0982024 .2578043 
 .6455159 .9630810 
 .4191324 .7357914 
 .8419639 .3100508 
 .7991379 .7009635 
 .0434198 .2315586 
 .7429357 .8643221 
 .2850757 .2999945 
 .4702188 .6156161 
 .5650069 .9129845 
 .7857683 .3600501 
 .3563010 .3687553 
 .0072376 .6582504 
 .5561766 .5525469 
 .8407778 .0193404 
 .3866270 .9414762 
 .9295297 .7850677 
 .0558214 .2432438 
 .0164510 .4647531 
 .7692917 .5371276 
 .3898944 .2184336 
 .5424997 .2096146 
 .8341981 .9584736 
 .4968645 .6350549 
 .1922097 .7051576 
 .8923859 .2446707 
 .5535410 .2838779 
 .7217980 .5933941 
 .8903491 .0225336 
 .6113633 .9491213 
 .7379664 .5671798 
 .0771462 .9063437 
 .5146670 .9888552 
 40 
 .5955334 .1165238 
 .7346625 .6493908 
 .8730493 .4193106 
 .3199708 .4109002 
 .2408189 .8775160 
 .2765132 .2321022 
 .0384924 .3279800 
 .1715597 .4516617 
 .6637467 .3608222 
 .3248795 .5088823 
 .8067506 .8693906 
 .7835613 .8273830 
 .1119004 .6482537 
 .5568546 .3573617 
 .6468400 .5701276 
 .9964569 .0437348 
 .3339424 .6954578 
 .5608364 .4053608 
 .8222010 .7487760 
 .6283413 .5567551 
 .7455063 .6596981 
 .8394158 .3976956 
 .2117440 .6768104 
 .1571186 .2949536 
 .6686715 .7204823 
 .1287353 .2785791 
 .6572976 .3841260 
 .5884930 .4047624 
 .7391361 .9983852 
 .3286315 .2678158 
 .1054017 .5524496 
 .3372696 .3822975 
 .7666098 .5719421 
 .4980268 .9472696 
 .1902983 .2718978 
 .7971345 .9301758 
 .9003555 .8620245 
 .9051962 .9873645 
 .6588739 .6429824 
 .4967434 .9289145 
 40 
 .8932157 .7976374 
 .0326885 .6316624 
 .1672199 .2883956 
 .3376006 .8382198 
 .5738640 .1966097 
 .7218392 .4208386 
 .4823777 .7959345 
 .3818690 .6442544 
 .3284285 .6891807 
 .3019665 .8756615 
 .0017455 .9459617 
 .0059058 .1447535 
 .4590426 .2820174 
 .5845012 .9718613 
 .7565280 .2838236 
 .9579777 .9146408 
 .7282820 .3047278 
 .0124545 .2280546 
 .6945174 .1796853 
 .9562629 .7205778 
 .2148536 .0004660 
 .0407855 .0911740 
 .0414000 .9752673 
 .9359040 .4536583 
 .7973103 .4167590 
 .9833864 .0421308 
 .9186889 .1490040 
 .9015347 .8252458 
 .1489694 .5222116 
 .0975596 .4577233 
 .1502895 .6381722 
 .5643551 .1217283 
 .0686189 .6192832 
 .5870161 .7530813 
 .3186114 .5385729 
 .5404909 .2397487 
 .2880053 .1428548 
 .4895827 .6922199 
 .6350454 .3593763 
 .8600250 .0242501 
 40 
 .5884970 .8288415 
 .0759604 .9925589 
 .0685313 .8427757 
 .8837477 .6074549 
 .1257302 .0066340 
 .4210328 .4625417 
 .4298494 .0651231 
 .4473278 .9976810 
 .3024455 .4136839 
 .2193801 .8997705 
 .7381714 .1182545 
 .1502632 .5926753 
 .3461311 .4500804 
 .7018101 .8403590 
 .2003182 .1267402 
 .1796247 .5929308 
 .9394968 .1854955 
 .6698737 .9884772 
 .5120721 .6888309 
 .9062653 .4662305 
 .8182057 .7004083 
 .2004900 .7683545 
 .9448026 .0358974 
 .7138206 .6654459 
 .1916997 .4880462 
 .4829592 .9292784 
 .8095675 .2871959 
 .1184854 .7273960 
 .1593594 .6630180 
 .5358022 .4974147 
 .3947592 .1338211 
 .2102045 .6813580 
 .9856461 .6171391 
 .2110182 .6065537 
 .3522714 .1177412 
 .7935746 .3715976 
 .1642799 .5324842 
 .9285095 .8531660 
 .7610690 .3788376 
 .3294094 .8490718 
 40 
 .6429130 .8062332 
 .9935790 .8094381 
 .7259476 .3249089 
 .8755756 .4132356 
 .3961657 .9614058 
 .1355622 .1912326 
 .3731787 .1366222 
 .6983657 .1856677 
 .7262961 .0121144 
 .0658111 .9162056 
 .4836403 .3514339 
 .0733270 .2730095 
 .2371834 .5214924 
 .3884035 .9005895 
 .7579390 .9775279 
 .0171249 .6274936 
 .3687091 .7349906 
 .1071094 .9314353 
 .8369392 .6708527 
 .2896739 .6391205 
 .6950276 .1912616 
 .2572995 .3143861 
 .7050152 .4653698 
 .9784258 .2943210 
 .8816239 .1073857 
 .8516395 .2353367 
 .9822547 .3786565 
 .3243602 .4117256 
 .2624608 .6047233 
 .3635695 .8876161 
 .8657448 .9220390 
 .1718815 .0164412 
 .4399277 .4862074 
 .3827221 .4046075 
 .1089770 .1264603 
 .5224777 .3400189 
 .1267051 .7954249 
 .8615930 .5010075 
 .4323182 .1523217 
 .1446593 .2340755 
