 15 
 20 
 .8859404 .3842446 
 .7790425 .9263252 
 .2978286 .4838548 
 .6526172 .3941540 
 .2598440 .1755205 
 .9920256 .1824359 
 .1629516 .9982330 
 .4228384 .7848807 
 .4540650 .9691597 
 .4366452 .6467628 
 .0914343 .4252803 
 .2757478 .5926299 
 .2328036 .7239529 
 .5853714 .6929368 
 .4689094 .4267466 
 .8237370 .2218418 
 .5933741 .3521812 
 .8252608 .5819878 
 .2355115 .6987675 
 .6244445 .9458253 
 20 
 .5226668 .4857136 
 .2340913 .1564441 
 .8186096 .4481461 
 .2852463 .3510037 
 .7268488 .3074607 
 .2191107 .9612083 
 .8626939 .5037537 
 .2020278 .2899088 
 .9831096 .9519706 
 .4298980 .7803465 
 .2040475 .5297269 
 .5019386 .3418219 
 .2036593 .6234810 
 .7669924 .5672066 
 .1667411 .3891655 
 .8574895 .2057469 
 .1185973 .0992753 
 .0931024 .6085644 
 .2603965 .1640685 
 .3120058 .7511781 
 20 
 .6756725 .6807197 
 .4138611 .5017776 
 .7390672 .6692784 
 .1041075 .6279080 
 .8213651 .9238909 
 .8302542 .1372072 
 .2344950 .5052308 
 .7015441 .3869017 
 .2691241 .6262358 
 .4749982 .3664498 
 .8059045 .7763434 
 .8523674 .9900451 
 .1770018 .5652322 
 .9303080 .4002023 
 .2524051 .5589048 
 .4340815 .3873562 
 .3483329 .3795567 
 .2846440 .2178651 
 .4129766 .0343565 
 .2290660 .5160293 
 20 
 .6355123 .7527916 
 .0211903 .3842688 
 .4329192 .9108946 
 .4772254 .6264640 
 .6683305 .7042373 
 .3409673 .6571912 
 .6045570 .3383453 
 .1544711 .2662106 
 .8447339 .3109266 
 .3086412 .6326131 
 .3938885 .9783032 
 .3983036 .5535469 
 .7132820 .5794691 
 .3692482 .4129427 
 .6437861 .2235491 
 .3494126 .5481809 
 .4429803 .4558839 
 .3192068 .8967188 
 .6982488 .7677994 
 .9008749 .5773555 
 20 
 .0175733 .1061128 
 .7251490 .7765851 
 .3211245 .8088656 
 .4441814 .3014136 
 .1077901 .6194339 
 .0692571 .6956086 
 .7866185 .1253388 
 .6739840 .1036624 
 .2664386 .1815296 
 .5599478 .2502970 
 .3978152 .0989406 
 .8611085 .0651554 
 .1576530 .5334927 
 .5819042 .6419507 
 .9433443 .4617161 
 .7260345 .3357964 
 .9730044 .1775863 
 .1696098 .7662658 
 .2312305 .1292755 
 .1427018 .1389448 
 20 
 .0035901 .3101043 
 .6736960 .3943873 
 .8428688 .9383210 
 .3751575 .9474895 
 .5286247 .8562096 
 .9495719 .8368914 
 .6289792 .4387270 
 .3972144 .5451328 
 .7474620 .2511604 
 .9329596 .0954574 
 .2232949 .0974755 
 .0679485 .7374144 
 .4233815 .7568638 
 .3771149 .9952727 
 .9786481 .3537747 
 .5335188 .4027803 
 .2238817 .1222300 
 .8116714 .1544913 
 .2340236 .9217258 
 .1984483 .3747864 
 20 
 .4336272 .2903275 
 .4431988 .8853535 
 .7000536 .5689306 
 .9571635 .3223080 
 .7826042 .6248767 
 .7527263 .2348501 
 .0043382 .3064637 
 .0992434 .3454041 
 .5734423 .7731443 
 .9556354 .3610999 
 .0668776 .5076673 
 .3994863 .4302723 
 .1082715 .8018369 
 .2744832 .3048867 
 .9798111 .9302540 
 .3765606 .2075050 
 .6068844 .6371218 
 .1354752 .9540876 
 .4445637 .9482378 
 .5516584 .6336442 
 20 
 .3743846 .1094334 
 .9344603 .6120016 
 .5734073 .5072416 
 .7612305 .2668107 
 .9179034 .0482553 
 .9284800 .0688712 
 .9913481 .3987635 
 .1755361 .7329644 
 .0283799 .8916020 
 .0940559 .4391701 
 .6781615 .4060134 
 .6473954 .7801364 
 .5347974 .1694495 
 .4535607 .2655119 
 .8692994 .7059640 
 .3631935 .9937508 
 .5046840 .9899030 
 .4061701 .5033148 
 .5883008 .6192907 
 .4908356 .7969397 
 20 
 .1060846 .3014141 
 .0100515 .9886395 
 .0122449 .3819058 
 .6170125 .7855324 
 .1626216 .2238950 
 .9476012 .8548993 
 .8756909 .0688264 
 .2387913 .7481838 
 .6246666 .1361091 
 .0656973 .1024207 
 .4974546 .1331419 
 .4222031 .8978860 
 .7460522 .4762443 
 .9180928 .1381166 
 .7684791 .2298827 
 .9631520 .8918907 
 .6971574 .3571127 
 .6472292 .5908123 
 .5679618 .0766206 
 .9836324 .1428490 
 20 
 .6616105 .1169458 
 .8279065 .0710496 
 .5788093 .0596630 
 .8688912 .7247582 
 .1552535 .8212891 
 .5554032 .7824717 
 .3523922 .1267354 
 .7988332 .8530849 
 .3724251 .5010309 
 .0957946 .0051760 
 .7264851 .2140750 
 .8496196 .4692169 
 .8060198 .5561293 
 .8263755 .4597008 
 .3291781 .0378941 
 .7390704 .8851750 
 .2041905 .2741357 
 .9792481 .4235948 
 .9054541 .5371980 
 .7621329 .7453009 
 20 
 .1179669 .8071412 
 .8612926 .2107984 
 .5820332 .5869786 
 .3103391 .7374127 
 .8604680 .2203064 
 .7588960 .2373480 
 .9399905 .8078307 
 .5918284 .5367089 
 .6397944 .3696636 
 .6459675 .3851951 
 .8935606 .3800741 
 .7661685 .3914743 
 .9440902 .3864152 
 .0989287 .7392133 
 .8774488 .7274938 
 .6808658 .5604294 
 .9486746 .4394785 
 .4825200 .0107475 
 .7238721 .7678396 
 .7441083 .4873422 
 20 
 .7815433 .2175635 
 .5054230 .0743421 
 .8644661 .1342633 
 .1909473 .1493045 
 .9249532 .2165978 
 .6548542 .0325640 
 .1210911 .3538964 
 .0977713 .4408544 
 .8472038 .4378455 
 .8044412 .0871189 
 .3534857 .4268079 
 .9725917 .7569097 
 .1501400 .4965985 
 .4498493 .2327409 
 .6106159 .5806094 
 .5963075 .1132568 
 .0843030 .4108488 
 .5617822 .4036157 
 .1864782 .1830076 
 .0127778 .1941219 
 20 
 .2250663 .4838821 
 .9561381 .1903796 
 .1100180 .8766357 
 .1631855 .6421318 
 .4194957 .7142657 
 .3662563 .6090173 
 .1027351 .9575259 
 .6328315 .7067527 
 .8050832 .0612319 
 .0623483 .6412634 
 .9164491 .8506158 
 .3261550 .0430788 
 .7679067 .6629918 
 .8983617 .3793927 
 .2176093 .2427141 
 .6084328 .0036200 
 .1491758 .7500455 
 .0766821 .5965671 
 .8134342 .0153824 
 .5502657 .1915225 
 20 
 .8255313 .5150847 
 .7062357 .4271867 
 .0190782 .5772186 
 .3836161 .3444358 
 .9798682 .5956152 
 .3897081 .5799747 
 .3439233 .5270620 
 .1258187 .7940219 
 .9458642 .0949600 
 .6107564 .1198073 
 .4290039 .7866697 
 .5506403 .7968817 
 .4507951 .2118319 
 .6022415 .3425801 
 .2964786 .4234438 
 .2831235 .9584576 
 .3976319 .5681982 
 .6616701 .6306841 
 .4759657 .3408248 
 .7676025 .7722500 
 20 
 .0188139 .2196894 
 .5401872 .4149467 
 .4514715 .8459911 
 .2059379 .9724695 
 .3005036 .1023379 
 .5666188 .4821721 
 .1265397 .8115422 
 .2856717 .9490236 
 .0175328 .3139603 
 .5782205 .8556996 
 .6341635 .7298706 
 .6154630 .8995232 
 .5356555 .1480307 
 .5149428 .3396764 
 .8219011 .4159592 
 .2578154 .6937709 
 .7291307 .1924231 
 .6941811 .5560261 
 .1215483 .4463741 
 .5967712 .6019771 
