 15 
 60 
 .0772941 .7517653 
 .9178951 .3911000 
 .2322502 .1956419 
 .6667392 .8974359 
 .6522818 .0869848 
 .1902014 .0184769 
 .0861294 .6735361 
 .9477190 .7652294 
 .3760413 .3211429 
 .4730844 .7054485 
 .1110555 .6089008 
 .5512315 .0819293 
 .8278613 .4025953 
 .0382182 .1300978 
 .9155922 .6359092 
 .4043755 .0541756 
 .1155364 .2349964 
 .9049565 .7935084 
 .2186812 .8591571 
 .1721557 .6971768 
 .4758872 .9492749 
 .9185037 .6702724 
 .2574765 .4646685 
 .4732751 .3412616 
 .2287702 .5738520 
 .3570815 .3462014 
 .0307842 .8086712 
 .5391679 .8892431 
 .1435356 .5951678 
 .1084964 .2144053 
 .9233967 .8766016 
 .7023822 .3430279 
 .0933007 .4201138 
 .2416694 .1641888 
 .2605140 .4618240 
 .5730769 .4186848 
 .0638113 .1464971 
 .9588459 .9354934 
 .7203545 .7455835 
 .6100536 .2449669 
 .1500686 .3171974 
 .4493596 .9248974 
 .2869604 .1667429 
 .0154010 .1910647 
 .1153076 .4782069 
 .0759808 .7174644 
 .5541128 .5518835 
 .4794842 .7951472 
 .4033180 .3802738 
 .6100357 .9820145 
 .6951734 .4333829 
 .2756699 .5660298 
 .1865051 .5584035 
 .8916391 .6056729 
 .2925807 .3151139 
 .5518330 .1060896 
 .0984943 .7930009 
 .3265403 .0568297 
 .4746309 .3524372 
 .3883453 .5543290 
 60 
 .7414884 .6009696 
 .0412364 .9539310 
 .4360822 .4951969 
 .2899072 .7742701 
 .8749962 .4246148 
 .3031655 .6807968 
 .4230275 .5994534 
 .2512352 .0121450 
 .3839520 .5807275 
 .9729472 .6274462 
 .6413846 .3457239 
 .3842765 .9266248 
 .6906565 .3017590 
 .2907939 .2486917 
 .3022620 .0085297 
 .3172784 .9421164 
 .2163739 .3455270 
 .2093744 .6210422 
 .1463628 .2040818 
 .1736951 .8034321 
 .8148256 .6694239 
 .7705647 .5417408 
 .2934962 .6999661 
 .9115722 .0104232 
 .7912290 .5596310 
 .6836808 .4520390 
 .1421720 .2027230 
 .1517047 .4869460 
 .1869341 .3753727 
 .2979402 .5800956 
 .2981608 .7462456 
 .3455198 .3893125 
 .4511190 .7127755 
 .5720595 .6871653 
 .1398061 .8859521 
 .2312945 .3851578 
 .4374089 .3124293 
 .4290481 .6640269 
 .6317847 .3607207 
 .9999713 .0344387 
 .8546933 .4292784 
 .0444167 .9628793 
 .3779152 .2166051 
 .4394928 .0800581 
 .8678176 .6530016 
 .1511738 .4632162 
 .6575204 .5933799 
 .5492344 .5063922 
 .4852361 .3115719 
 .3551418 .8584730 
 .3187587 .4569973 
 .7137650 .1497769 
 .6871166 .6102170 
 .7392778 .0135164 
 .9062421 .5180688 
 .4978291 .4457940 
 .9387940 .5525343 
 .6958421 .9813344 
 .2791672 .4085122 
 .4720934 .5739753 
 60 
 .8008775 .4600437 
 .9604147 .4805593 
 .2300912 .8955423 
 .2018613 .8113285 
 .7887200 .5509946 
 .2319133 .6237432 
 .2433900 .4942090 
 .6286138 .3318641 
 .4503673 .5587731 
 .5479259 .5495829 
 .5363440 .2967209 
 .5468907 .9900914 
 .8235084 .7647872 
 .7448243 .3505740 
 .9047017 .1688229 
 .7266835 .8022243 
 .9983568 .0902396 
 .8672841 .3008552 
 .6484767 .6705276 
 .4541677 .8896270 
 .4547961 .0357291 
 .3019897 .8772839 
 .9826441 .1405318 
 .8612560 .5748048 
 .1585329 .2771504 
 .6954627 .4300681 
 .8413021 .3406796 
 .3871148 .1210297 
 .0924038 .6208973 
 .3761046 .5975569 
 .8627775 .8888669 
 .0624374 .2824717 
 .9653890 .7909025 
 .0357050 .6730773 
 .5970546 .4158105 
 .0299270 .3824852 
 .2832948 .1645789 
 .8358178 .1199827 
 .6058170 .9631400 
 .8120993 .0634852 
 .7814691 .0942607 
 .8895700 .2943629 
 .1292965 .5972970 
 .3101659 .1526260 
 .4113236 .8452704 
 .2296179 .1731432 
 .3730284 .5457636 
 .3654237 .2632775 
 .6388406 .4512721 
 .9081274 .4985856 
 .2215223 .3691661 
 .9372235 .8030764 
 .7546507 .9321011 
 .7848067 .2384820 
 .3147589 .7648388 
 .5492541 .9851084 
 .2116703 .3387916 
 .8441789 .6246137 
 .9273347 .5544572 
 .6285299 .2395620 
 60 
 .6976991 .9850552 
 .5434368 .2703323 
 .9689776 .2403858 
 .7091284 .0989726 
 .7167791 .9939944 
 .7273793 .9813956 
 .6790681 .2224146 
 .1953802 .1809588 
 .8945261 .9333673 
 .0570851 .8624783 
 .2167010 .3485911 
 .4768686 .3181340 
 .0390501 .8322488 
 .6841332 .1850533 
 .3517347 .9308842 
 .6602554 .1856562 
 .1804862 .2664673 
 .0623412 .2206244 
 .8411775 .6884488 
 .0306018 .9526619 
 .3785655 .4697262 
 .3241422 .8565713 
 .8291672 .2882915 
 .5775128 .5346101 
 .0290605 .5718491 
 .5588826 .3001476 
 .7377079 .2351681 
 .5190883 .9493442 
 .7163466 .0851225 
 .6154772 .5394566 
 .6192339 .8195740 
 .7293201 .0804602 
 .3507266 .6542374 
 .7120127 .4685084 
 .8209743 .6647241 
 .3222310 .8273523 
 .3955725 .8548646 
 .1700514 .6967440 
 .0650020 .1204433 
 .3687087 .1720864 
 .4307445 .4704292 
 .0015373 .0516946 
 .6767548 .3339262 
 .8196415 .1190337 
 .1151526 .1961801 
 .8613687 .6467223 
 .6987218 .2843530 
 .1816218 .7639804 
 .8027343 .1141839 
 .0388535 .1240738 
 .0048975 .4003785 
 .3391378 .9252056 
 .6325269 .5524014 
 .6964220 .2967562 
 .2855089 .5865466 
 .1398305 .8198062 
 .8549187 .0855368 
 .4741269 .9010281 
 .9004294 .5667085 
 .9570490 .1943258 
 60 
 .4725708 .4548827 
 .8636176 .5345786 
 .1035989 .4095599 
 .4165949 .1195251 
 .9659074 .0789119 
 .4154311 .0937483 
 .0196750 .9334378 
 .8222008 .3349162 
 .9394774 .5959024 
 .8785992 .1364294 
 .0080484 .3945541 
 .5369444 .5794602 
 .9668976 .5244085 
 .7817259 .5855603 
 .6782594 .4448707 
 .6754588 .7706121 
 .7284943 .6469272 
 .7498483 .0514141 
 .8247598 .8028537 
 .9344513 .1946756 
 .7271646 .1166361 
 .0115475 .7891601 
 .9278721 .4123754 
 .2367027 .0472143 
 .4343877 .5566124 
 .0859340 .9214585 
 .6217015 .0720643 
 .0863745 .7130447 
 .6597193 .5654741 
 .5492875 .0441319 
 .6586642 .5994327 
 .1311068 .1011182 
 .2535116 .0629136 
 .0662886 .6962343 
 .4042019 .5511461 
 .3990468 .1503831 
 .9440064 .8031290 
 .5309337 .4141247 
 .7741567 .3528269 
 .0266033 .2984939 
 .1763539 .1536844 
 .1973837 .2024298 
 .7811901 .3988167 
 .0153812 .2560212 
 .2625185 .8818671 
 .0911501 .2430618 
 .4855325 .2643550 
 .6544010 .8545945 
 .9674371 .2101364 
 .7761818 .5267421 
 .1492586 .6296595 
 .7163720 .0381907 
 .8482018 .7967942 
 .7135687 .8297581 
 .7721888 .8474281 
 .3844365 .2425653 
 .2294473 .5675340 
 .9827377 .0719645 
 .9414236 .2923119 
 .0884646 .4586008 
 60 
 .6395266 .4680607 
 .0461696 .5803218 
 .0554241 .7129401 
 .0276318 .2011310 
 .8484663 .2275021 
 .5238258 .1455445 
 .4874577 .7641090 
 .1286692 .4055795 
 .3401001 .1168647 
 .6036242 .9977132 
 .1321349 .7287795 
 .5368330 .9505335 
 .1171826 .4563190 
 .7494677 .9399878 
 .0326692 .1465567 
 .4592940 .0551529 
 .1796947 .2696287 
 .7784759 .8678369 
 .4153973 .6473586 
 .2783068 .2260982 
 .8329560 .0035710 
 .1642353 .7644830 
 .4620048 .7460106 
 .3241728 .7294408 
 .1735670 .6247260 
 .5830338 .0015426 
 .5288080 .6855350 
 .5456675 .7388009 
 .6676101 .6755438 
 .2552038 .3871218 
 .2763481 .6239343 
 .5382609 .3617397 
 .6769434 .0161305 
 .5438546 .8919092 
 .3014608 .5413010 
 .9881113 .6722124 
 .1058295 .9977242 
 .5584306 .3470902 
 .3678918 .2011135 
 .5624760 .6776724 
 .0315463 .7083646 
 .1706871 .6461861 
 .2104320 .3316155 
 .6248316 .8251951 
 .2490339 .7007892 
 .8858345 .0962047 
 .1414561 .9001995 
 .8756579 .2017751 
 .1010366 .2571226 
 .4217544 .5517687 
 .3176511 .9357536 
 .1174923 .0097261 
 .7816073 .7644556 
 .6343502 .8291704 
 .5286301 .8109579 
 .8155220 .1989005 
 .4922466 .1699410 
 .5872495 .6355822 
 .7480314 .2285483 
 .9726309 .3132223 
 60 
 .3963544 .7535665 
 .0992329 .8619337 
 .4416100 .3625983 
 .0604826 .6598092 
 .2590801 .6012942 
 .0129184 .5762474 
 .7557346 .6879003 
 .3458695 .8347432 
 .9760618 .1807889 
 .7133891 .4175061 
 .2136095 .9875574 
 .9242199 .4403264 
 .8859524 .3164880 
 .0856062 .3284063 
 .4254461 .8609304 
 .1198074 .5044446 
 .8280363 .6302973 
 .1346068 .6786340 
 .5727180 .7611138 
 .6348662 .6634374 
 .3476465 .1587276 
 .9026412 .8185795 
 .0555345 .1731487 
 .9274694 .5956600 
 .2684980 .3768195 
 .1025619 .9666887 
 .6960807 .0012068 
 .7706862 .4936981 
 .0424610 .2537340 
 .0469316 .0719326 
 .2699709 .5650176 
 .7931872 .5389835 
 .8537011 .2344177 
 .9874744 .9061524 
 .8912758 .8128358 
 .0241270 .3933344 
 .3955232 .1862843 
 .8896505 .1293258 
 .9058833 .4402814 
 .0627859 .6477300 
 .5546586 .3693817 
 .9522906 .4340748 
 .4517646 .5614146 
 .4661111 .9694067 
 .9291439 .3830511 
 .8423836 .1140212 
 .7236202 .4104387 
 .2949532 .3641473 
 .1723452 .8116081 
 .6502651 .5138754 
 .2332877 .2594559 
 .4824497 .5214134 
 .5970873 .9361154 
 .9806144 .8074240 
 .9861996 .3197326 
 .7856648 .6357548 
 .2902542 .3988406 
 .3798183 .4128668 
 .4980851 .8509607 
 .5542493 .3987088 
 60 
 .1796333 .1015286 
 .4604230 .0932309 
 .9550174 .0350336 
 .3975417 .0311847 
 .0611824 .8881474 
 .6185449 .4028732 
 .5738121 .3778879 
 .0541882 .2771106 
 .5363041 .7072978 
 .1502726 .6293631 
 .3486906 .4849895 
 .3660140 .2048994 
 .1251188 .9690089 
 .8582467 .7433197 
 .8740280 .0130790 
 .2305365 .4640723 
 .5131336 .7051710 
 .8997581 .1070561 
 .8119102 .4328181 
 .7541659 .3201620 
 .9551118 .9123927 
 .6628669 .8061680 
 .8271326 .9440127 
 .5507953 .3417941 
 .3013513 .1005946 
 .8671939 .4564835 
 .4411790 .4671182 
 .2281384 .0396324 
 .9279899 .5901891 
 .8711992 .2020716 
 .2606239 .0917649 
 .5768306 .0576489 
 .0443582 .4952214 
 .3279135 .3582892 
 .4143094 .6950719 
 .8249626 .6929665 
 .4168106 .5993837 
 .8662472 .7671278 
 .7875540 .6495485 
 .5433756 .5712979 
 .4898680 .4763409 
 .3851575 .4204017 
 .7705553 .6224157 
 .3847000 .2307916 
 .2019137 .2253405 
 .8331095 .2695998 
 .7420568 .4252083 
 .8117778 .1678702 
 .4840904 .0876096 
 .0054246 .3795080 
 .3882543 .7045531 
 .3187649 .5744343 
 .4974518 .9785723 
 .9272651 .6959847 
 .2108230 .9720460 
 .3708647 .5465817 
 .1048288 .6154545 
 .8001601 .6865598 
 .2068547 .0531858 
 .3863025 .9707747 
 60 
 .8902757 .4393712 
 .2751342 .9758021 
 .7073976 .4923506 
 .5568040 .5941694 
 .2303706 .9255255 
 .9756574 .8356880 
 .7402018 .7828367 
 .1504998 .9616032 
 .4880470 .1446769 
 .7287891 .0044786 
 .0361743 .4980083 
 .1638327 .9525143 
 .3410425 .5835718 
 .8730477 .7959008 
 .9279596 .4816407 
 .7867017 .5768541 
 .5734555 .2515549 
 .2966911 .8237027 
 .8929625 .2125679 
 .1177308 .4898287 
 .3503074 .9951171 
 .5202521 .9049396 
 .3720415 .2907786 
 .9142105 .3610907 
 .0614141 .7116621 
 .1723270 .8186257 
 .7490014 .6991361 
 .8839131 .7847835 
 .2622768 .7983085 
 .6177723 .5846682 
 .0049265 .0769274 
 .1236402 .8426181 
 .0561077 .6910731 
 .2826221 .7912831 
 .5652962 .6984782 
 .7820168 .7329498 
 .4525144 .7443142 
 .3801931 .2373705 
 .2367348 .1821045 
 .8717040 .0545970 
 .8047703 .9698431 
 .2780020 .7696119 
 .8841522 .1616981 
 .3788563 .3849297 
 .3690064 .2996452 
 .6552741 .6823307 
 .6279382 .2352787 
 .4153074 .7175355 
 .3450664 .0556819 
 .8859816 .4114385 
 .8447803 .4618743 
 .1316238 .1255516 
 .4501715 .2047759 
 .7425029 .4920729 
 .1345802 .5101238 
 .4568233 .6925324 
 .1429496 .7461149 
 .5501528 .8628119 
 .6698505 .2690256 
 .4532083 .3035054 
 60 
 .0567880 .2234383 
 .3329878 .5876322 
 .9728810 .3132900 
 .1724243 .3146469 
 .0178761 .8735043 
 .2764493 .9300586 
 .1698671 .0727813 
 .3715082 .4207915 
 .2147114 .3169648 
 .9925617 .4522359 
 .1501024 .8875682 
 .2953453 .2157712 
 .6522457 .9673075 
 .6085597 .4249321 
 .8122416 .3371329 
 .9546145 .9913596 
 .9652584 .4780557 
 .6099750 .3227663 
 .7085469 .3143206 
 .9259540 .2463794 
 .9819468 .5679468 
 .6543684 .5422338 
 .9019375 .2716393 
 .6737368 .1783119 
 .1201314 .4583444 
 .2320513 .7183828 
 .7295673 .8995559 
 .7405027 .1055286 
 .7648799 .9266648 
 .0852947 .1292794 
 .4205629 .2034628 
 .8757487 .3190461 
 .2177594 .6241374 
 .7076805 .6656765 
 .1444605 .5280198 
 .2704361 .2884873 
 .6243342 .8257418 
 .0304087 .7065861 
 .0707847 .5346106 
 .5372283 .4477122 
 .4779297 .1747026 
 .5625252 .9797334 
 .3991214 .4696803 
 .9241318 .9613645 
 .8640935 .2534491 
 .7871972 .0991550 
 .0729404 .2687558 
 .4718662 .9243589 
 .5515860 .9574815 
 .5263147 .9604807 
 .0193314 .1229785 
 .4229467 .3721177 
 .3521448 .6681141 
 .2708547 .5377252 
 .2607224 .0920131 
 .1631195 .2801452 
 .8626670 .1146003 
 .1346022 .8636913 
 .1235567 .1792239 
 .3234451 .4073108 
 60 
 .7698660 .5856710 
 .1239750 .0893725 
 .0228091 .9920460 
 .3939830 .3879903 
 .3388611 .7950548 
 .8268597 .5060212 
 .9301313 .6925055 
 .2976839 .9040006 
 .5235666 .2250735 
 .4085185 .2768297 
 .6373185 .3998772 
 .8457564 .0680391 
 .3281528 .1669442 
 .9627860 .3634560 
 .3057000 .5394971 
 .8434285 .3261245 
 .6152577 .9459436 
 .8019294 .7459020 
 .5459591 .8387810 
 .8376793 .2373158 
 .4980341 .9641285 
 .1787021 .5225393 
 .4017959 .7535289 
 .0961769 .4147648 
 .7695242 .2128313 
 .2192783 .8403531 
 .1147530 .0646289 
 .3793107 .7129437 
 .5142575 .8016851 
 .5059098 .8437606 
 .4264279 .2173023 
 .4148638 .4216660 
 .1133773 .8204618 
 .7833058 .9436380 
 .4282064 .6820669 
 .7075282 .7783028 
 .2960050 .4945389 
 .6728888 .6964753 
 .5975526 .1986223 
 .4131220 .5353778 
 .7059588 .1143424 
 .0642408 .4468547 
 .6638020 .2208969 
 .4800206 .6215028 
 .6443482 .6136415 
 .0132053 .6247338 
 .3253064 .2135224 
 .1079761 .1094014 
 .2149750 .9411072 
 .5112697 .2022935 
 .5936891 .6570385 
 .7971497 .7555452 
 .0408737 .5140735 
 .4010097 .3033932 
 .6698721 .7011566 
 .8578415 .3017114 
 .0367338 .0629724 
 .9975302 .3219557 
 .7604457 .3624458 
 .2240570 .5295500 
 60 
 .4133507 .0694473 
 .6359969 .1438874 
 .1218553 .9948349 
 .7617065 .7350309 
 .1566600 .7706777 
 .4005069 .1804184 
 .8737880 .4683544 
 .9848888 .8404221 
 .6653136 .3469813 
 .6997040 .9090305 
 .7520458 .0735757 
 .1913695 .7872324 
 .0471649 .4292897 
 .1397005 .4814204 
 .9751019 .6262334 
 .5010154 .1543313 
 .7664360 .4576255 
 .3050216 .6962284 
 .7774381 .5785508 
 .1286094 .1212417 
 .8997435 .6912412 
 .5934492 .2475430 
 .9166723 .1508172 
 .4451200 .9473826 
 .2005709 .8156087 
 .1607924 .6484732 
 .5903878 .5787984 
 .9791613 .0638178 
 .4881757 .1109820 
 .3167739 .5923622 
 .7024843 .5295932 
 .4830312 .6748508 
 .5683315 .0417862 
 .3733729 .7524965 
 .2977764 .5705784 
 .5353749 .4425856 
 .9597063 .8956160 
 .9821250 .1344464 
 .2374712 .2831185 
 .8751753 .3783543 
 .1410886 .7451603 
 .4070334 .0834552 
 .8170623 .1947448 
 .7594288 .4906950 
 .8510775 .5258991 
 .9649038 .9125745 
 .0320861 .1605424 
 .1095216 .0403433 
 .1632580 .4169500 
 .0250701 .8555262 
 .5760900 .1565121 
 .0589765 .4284822 
 .6262914 .9819746 
 .4956349 .6615504 
 .4090691 .6547090 
 .7378983 .7952779 
 .6997554 .6715846 
 .6335057 .6377835 
 .8635355 .8319873 
 .7271000 .3315078 
 60 
 .0329747 .3082189 
 .3006632 .3079871 
 .7592883 .8212142 
 .5875513 .1068704 
 .8254907 .0689960 
 .4492529 .0947343 
 .8768608 .0458463 
 .2184433 .8943470 
 .5742224 .2515738 
 .6532522 .5454378 
 .3935268 .3857937 
 .5198229 .0207666 
 .9537798 .7525847 
 .9146150 .6108878 
 .5146530 .5045270 
 .9334044 .6995064 
 .3927954 .7077403 
 .7569572 .3482468 
 .5370930 .1244154 
 .9078241 .6020424 
 .1005462 .1372352 
 .7800007 .1587322 
 .9602234 .3693145 
 .1822575 .6008437 
 .8645457 .7096087 
 .3831488 .2834961 
 .0141274 .5004521 
 .0049768 .6668894 
 .8811893 .8817543 
 .2767254 .7694953 
 .1033415 .4536954 
 .0010827 .8308629 
 .1979462 .6922997 
 .6845618 .4804237 
 .1684821 .5433094 
 .3762991 .9178649 
 .0369937 .3801090 
 .8017766 .9660630 
 .8469788 .5293528 
 .4913770 .4412629 
 .3365983 .7691924 
 .1067452 .1166860 
 .5680472 .9528832 
 .5643105 .5920813 
 .2879541 .0058380 
 .5364164 .5174307 
 .3459367 .2251805 
 .3552219 .6861119 
 .4615930 .7533130 
 .3192863 .2808424 
 .0394002 .4142233 
 .1614314 .7317105 
 .3088916 .3440118 
 .4204973 .8740639 
 .2242349 .0036888 
 .2978828 .9570245 
 .3906010 .6584604 
 .0886866 .0704348 
 .5796515 .1067755 
 .4607508 .1861769 
 60 
 .6257361 .6451173 
 .9043652 .6435408 
 .8181345 .6991783 
 .9697150 .8797155 
 .1705657 .4144428 
 .0147619 .7850378 
 .6923635 .3925808 
 .8570391 .4554155 
 .2288492 .7352399 
 .9002268 .4658538 
 .4916705 .1020560 
 .1192514 .1813057 
 .1608756 .5308004 
 .0524434 .0736552 
 .6944156 .6678024 
 .1698795 .4835695 
 .7002635 .6169213 
 .3548529 .6477443 
 .0715690 .0736692 
 .6293465 .9377544 
 .9038889 .4433902 
 .7408543 .8958363 
 .5406929 .3619599 
 .0607938 .5125017 
 .6517130 .9950643 
 .8654963 .9154451 
 .4484251 .6760319 
 .1082524 .8107942 
 .0796882 .2782062 
 .0615364 .1558888 
 .7134707 .0692420 
 .7162372 .1044959 
 .2703291 .9622627 
 .7608966 .6452067 
 .3910142 .8008190 
 .7075015 .8837428 
 .8419371 .7668119 
 .8477023 .8695617 
 .7233725 .7962753 
 .9683373 .4435228 
 .7688782 .0779293 
 .0692482 .9309813 
 .6206140 .7820024 
 .8384707 .7055660 
 .8317167 .0477579 
 .6663880 .7225745 
 .7687746 .3107226 
 .0252521 .0244449 
 .5374147 .0755980 
 .7950063 .8486402 
 .1922111 .4765057 
 .4595017 .1525689 
 .1662146 .0883622 
 .0953808 .8803665 
 .1005331 .5750862 
 .9830225 .8395362 
 .7932255 .4327752 
 .9264055 .2760994 
 .2294672 .2972504 
 .6054542 .7170880 
 60 
 .6991434 .4612258 
 .3167974 .9084423 
 .6389080 .2500923 
 .2907935 .1716916 
 .5259402 .0377137 
 .5955667 .6287282 
 .0603201 .6829707 
 .8315645 .8325606 
 .8497615 .2098600 
 .9491883 .6626877 
 .3895602 .2520288 
 .3412797 .1036999 
 .5346824 .1874871 
 .8130663 .8694167 
 .8000947 .4891700 
 .2434863 .8443464 
 .2973734 .5378002 
 .0400411 .0090315 
 .2054949 .3484148 
 .3583505 .8529570 
 .3541373 .1517368 
 .1988439 .1526754 
 .4289981 .7845953 
 .7853884 .2356756 
 .8381833 .0555807 
 .1405607 .2318279 
 .4418280 .7763739 
 .7536081 .0409937 
 .8664098 .5364682 
 .1313227 .4621439 
 .4108757 .5376048 
 .4579832 .7180995 
 .7013767 .3199459 
 .3845987 .9903347 
 .0502490 .8680888 
 .1238361 .0071919 
 .3955490 .6822707 
 .7366175 .6008824 
 .9001005 .6768018 
 .1383629 .7958172 
 .6213063 .3996731 
 .4936091 .6826617 
 .6600572 .6677096 
 .0611913 .2760665 
 .0816134 .3313372 
 .1397059 .8938217 
 .5834737 .0103123 
 .6735163 .4132554 
 .9626561 .2023814 
 .6295036 .0765660 
 .1926441 .5240936 
 .9480153 .2874859 
 .3311529 .7976559 
 .3994372 .9617458 
 .2040085 .4880799 
 .9194032 .2952742 
 .1954584 .2967018 
 .0172829 .0664663 
 .5562989 .6437489 
 .9081395 .4992074 
