 15 
 50 
 .5205403 .9239090 
 .9489250 .7560224 
 .8942150 .9306560 
 .0595864 .9620102 
 .3306415 .2370444 
 .0759868 .4339534 
 .5998925 .8825206 
 .3896580 .0240176 
 .1022508 .3114586 
 .4447699 .9684009 
 .4473158 .4723261 
 .8426371 .4078705 
 .0142671 .9707769 
 .4315817 .2727812 
 .8992987 .0059246 
 .7574436 .0206895 
 .2732023 .6321160 
 .9606190 .9509561 
 .2428870 .9904071 
 .6453394 .0665372 
 .9329592 .9704273 
 .2323962 .2280188 
 .4624820 .1576781 
 .8415605 .1058906 
 .2603588 .1943411 
 .0259690 .5786091 
 .9005981 .5716386 
 .0766319 .0782072 
 .1936587 .5544808 
 .6973900 .2215798 
 .1773196 .0278374 
 .3730022 .0911723 
 .1327099 .5997529 
 .6569880 .8881206 
 .7184360 .7864850 
 .0202969 .4559981 
 .3658057 .4666444 
 .1432226 .3837238 
 .4961352 .3867549 
 .1051397 .9989262 
 .8796822 .1310952 
 .5210160 .4526594 
 .2150439 .8723288 
 .1691519 .1048656 
 .1155376 .0720405 
 .1176265 .3169078 
 .1803090 .2151716 
 .0413943 .2498802 
 .4253414 .1902520 
 .7692795 .9997797 
 50 
 .4633207 .0565565 
 .7391718 .9550219 
 .5491141 .0956370 
 .7869308 .1577331 
 .7345844 .0913893 
 .5537789 .1447838 
 .3752601 .0206857 
 .9596931 .6321814 
 .2621544 .5039118 
 .0354185 .8192326 
 .5624471 .6372884 
 .4996102 .2963627 
 .0779479 .8198991 
 .5641843 .7496587 
 .2929276 .9486755 
 .4916246 .0106287 
 .1931664 .3724915 
 .5416522 .5833638 
 .4936081 .1977641 
 .4477344 .6127848 
 .9979552 .2858387 
 .9602839 .2939879 
 .3025743 .3777282 
 .9744977 .8584019 
 .6093392 .4627593 
 .2054990 .3395576 
 .3751897 .4501367 
 .3481933 .0892964 
 .9353803 .5196557 
 .4179330 .1912202 
 .8152887 .7705391 
 .9521077 .1466573 
 .6024051 .9439513 
 .5910498 .0714086 
 .0833952 .4909076 
 .0655716 .6585835 
 .6460620 .9563503 
 .8019370 .7909631 
 .1752988 .8528755 
 .4045249 .3200703 
 .9958687 .6422506 
 .5707670 .5005178 
 .6807321 .3052439 
 .0985499 .1467711 
 .2868216 .8736737 
 .3170638 .9722409 
 .0232957 .2737601 
 .4494611 .9221367 
 .4105399 .3751028 
 .2285714 .7037984 
 50 
 .2491840 .1807010 
 .8517055 .1708193 
 .4723293 .9936560 
 .5811755 .6871925 
 .1736731 .9563277 
 .6649739 .9795075 
 .4494511 .8160499 
 .6459872 .1109085 
 .5107357 .8038073 
 .6145888 .8496405 
 .8497918 .2318397 
 .7923539 .5645824 
 .8025568 .3737307 
 .4553838 .5047315 
 .0490346 .3744571 
 .2432171 .4911857 
 .5321273 .7738845 
 .1699501 .1883112 
 .7383376 .5785927 
 .1618955 .6825027 
 .7435019 .9844685 
 .8822797 .4767814 
 .0434345 .5745065 
 .3470256 .5394588 
 .8107116 .2684798 
 .9529918 .9947558 
 .3799744 .0968770 
 .7850505 .6196382 
 .6877291 .0615161 
 .3824862 .6587378 
 .9888285 .4178337 
 .6573024 .6701112 
 .0382897 .5947840 
 .6835208 .1882753 
 .3489939 .0208470 
 .1213806 .8944722 
 .0857787 .1496256 
 .7948703 .6120065 
 .2946342 .2141821 
 .2841840 .6287718 
 .8398009 .3614116 
 .3928766 .3592968 
 .6666991 .9396533 
 .2566119 .9018057 
 .5474548 .3851779 
 .1178593 .2664446 
 .7084759 .3644492 
 .0276055 .5310069 
 .7837403 .0049160 
 .7675096 .4397190 
 50 
 .1683281 .0508259 
 .1178556 .4559663 
 .5369352 .9129566 
 .4195483 .4057686 
 .2017850 .5805016 
 .5711604 .9373902 
 .9611804 .4054177 
 .7310848 .3432279 
 .6690510 .4676135 
 .8140740 .0500825 
 .1599232 .6342223 
 .3222691 .4276219 
 .3029112 .0261312 
 .2621404 .5743237 
 .4302708 .3257170 
 .1869860 .4349590 
 .4759135 .5646515 
 .2736651 .9407957 
 .8397147 .5204595 
 .4834979 .7376748 
 .9246178 .8635299 
 .1496338 .3099865 
 .8230922 .4082696 
 .8430953 .6898791 
 .7926033 .3463368 
 .3510414 .1677885 
 .6790568 .7271733 
 .4949757 .1371326 
 .7328376 .6896569 
 .9525536 .9947848 
 .4117379 .4643977 
 .0407228 .3992651 
 .5639129 .8222812 
 .5740776 .6175009 
 .3046719 .7421089 
 .6219165 .5630279 
 .1035623 .3468729 
 .6294741 .7756789 
 .9304995 .7901124 
 .5095621 .2846523 
 .3067760 .3742202 
 .7043032 .2404122 
 .9913232 .8022710 
 .8041782 .5406697 
 .7147429 .5922175 
 .2221472 .4937630 
 .4510312 .2429229 
 .9705460 .8786290 
 .4747495 .0987528 
 .2817135 .5312615 
 50 
 .8622963 .8141163 
 .3412719 .7076269 
 .8200739 .1097040 
 .6445771 .7744710 
 .6073668 .8140066 
 .5084775 .0318519 
 .9028193 .1102851 
 .3260750 .3815828 
 .9631712 .0112949 
 .6830834 .7686190 
 .2515381 .3500067 
 .0895257 .4197845 
 .4676662 .4301157 
 .6363112 .4056571 
 .8794026 .7885548 
 .3665997 .4139301 
 .0057614 .5843159 
 .7481836 .2406911 
 .1975857 .6819156 
 .7243246 .7118180 
 .3495648 .7195952 
 .9729603 .8096414 
 .3924221 .9551106 
 .9718643 .9071664 
 .5790928 .5165118 
 .1916006 .3480460 
 .8038230 .3399344 
 .3478692 .2371560 
 .8760017 .4768872 
 .4565036 .2435899 
 .0963287 .9631213 
 .9518476 .4221919 
 .6242991 .8606758 
 .0439303 .4259103 
 .6430862 .6523952 
 .6806691 .8413166 
 .5684012 .5598960 
 .0146686 .5031240 
 .5469452 .6848909 
 .4039624 .2374878 
 .9703091 .6907495 
 .1436604 .1928084 
 .1017750 .0344661 
 .9598303 .3227179 
 .2740829 .9545907 
 .6144639 .2084451 
 .2510076 .3814524 
 .7749571 .7038484 
 .7271981 .9629331 
 .7845811 .2506196 
 50 
 .7293207 .2304269 
 .5108439 .4755205 
 .7247756 .7412179 
 .6128381 .1155490 
 .0772796 .4386180 
 .1105601 .6276777 
 .3340825 .5205950 
 .0001598 .1717935 
 .5976643 .2895864 
 .9680568 .0907225 
 .5231090 .6965016 
 .3302386 .5692862 
 .5761128 .9538587 
 .6647452 .7922268 
 .0584284 .4773550 
 .9067528 .5330989 
 .7176191 .7602180 
 .8156982 .5248811 
 .8539598 .2662037 
 .7689453 .9576425 
 .7543304 .1583891 
 .0404892 .7261437 
 .7436529 .2127171 
 .5275308 .2552803 
 .5589934 .5858878 
 .9213391 .4458366 
 .2175258 .6424216 
 .3980559 .0266161 
 .8523076 .6588323 
 .0339000 .8287143 
 .6018901 .2146246 
 .5189915 .6079982 
 .7213476 .1885499 
 .7336569 .3648127 
 .4810034 .6799965 
 .9269952 .9150640 
 .6701245 .4828397 
 .3535885 .9611671 
 .8487990 .0033156 
 .2219353 .2394270 
 .8022615 .2227849 
 .8163828 .5642696 
 .5457440 .3864083 
 .9894261 .7688957 
 .9896661 .9130412 
 .3871591 .6134172 
 .9772873 .3708513 
 .4587795 .5898869 
 .5099861 .4855550 
 .3903053 .0308831 
 50 
 .9267637 .7195318 
 .6594348 .7939866 
 .6395447 .0937004 
 .1866952 .7556251 
 .4670255 .1706938 
 .4990841 .0488831 
 .0673548 .4658529 
 .5552058 .0030264 
 .5414815 .4276294 
 .7218672 .6071874 
 .7497193 .3944496 
 .8451133 .4839449 
 .7266277 .8917069 
 .6151670 .2149290 
 .9538303 .0186173 
 .8635998 .7421286 
 .0045610 .6659548 
 .6186907 .7448040 
 .7426876 .5154803 
 .4352611 .5698368 
 .0653736 .2509570 
 .6496811 .6175268 
 .0325603 .6472917 
 .9181612 .1372852 
 .7257311 .1243429 
 .9932557 .1879236 
 .6081253 .3185634 
 .6836355 .0223192 
 .4913458 .0396863 
 .0170294 .2606825 
 .1093188 .8793999 
 .6647020 .7524952 
 .1074593 .4001620 
 .7543329 .7639609 
 .0078471 .3682745 
 .5505937 .7725353 
 .1328586 .4568361 
 .5604932 .3473274 
 .9702061 .2195149 
 .0525844 .9259007 
 .1393540 .3510008 
 .5818016 .2838004 
 .7579659 .1677997 
 .8889344 .5900088 
 .0800527 .1644930 
 .6869485 .5440246 
 .9449851 .1639951 
 .7344393 .5304032 
 .6861709 .1614684 
 .7958622 .2739093 
 50 
 .2351231 .0736961 
 .3527224 .3399644 
 .4435308 .2996350 
 .2010442 .1453324 
 .0429258 .7618631 
 .4770660 .0050317 
 .7662966 .8584791 
 .5116498 .1627961 
 .2536673 .8739823 
 .7282331 .6910878 
 .4269095 .6765500 
 .2607197 .4972014 
 .7080353 .2062019 
 .9553895 .2664381 
 .1175872 .0093996 
 .0011235 .7811897 
 .9606545 .0139345 
 .8588900 .3830998 
 .2101620 .4143046 
 .8759340 .0387800 
 .2405480 .9404436 
 .6013487 .1098943 
 .3474340 .3374320 
 .1841051 .0353146 
 .2955458 .4539619 
 .3360727 .1635204 
 .4406267 .2236356 
 .3724838 .3220026 
 .9315496 .7639264 
 .1795911 .7091661 
 .9639339 .9886084 
 .1703441 .6126366 
 .5614776 .1439379 
 .1276683 .5029966 
 .1285573 .5876408 
 .2427835 .3683364 
 .9576114 .4210933 
 .7618500 .8246397 
 .5850375 .1847716 
 .7744828 .5794542 
 .6549787 .0983610 
 .3162415 .1985701 
 .7440882 .0706440 
 .8054839 .7220612 
 .0823096 .1587089 
 .7718777 .3290742 
 .6225511 .9969172 
 .9257966 .7297104 
 .5010100 .0567206 
 .1187000 .9742600 
 50 
 .3124916 .9896077 
 .0958034 .5594577 
 .2115039 .7354685 
 .7728101 .6603571 
 .7378672 .9732723 
 .8945848 .5444010 
 .2402008 .7134438 
 .3593280 .1883335 
 .3046001 .6824712 
 .4084471 .2132786 
 .8492509 .3683749 
 .6688386 .8106359 
 .3662985 .3564849 
 .2570870 .6209526 
 .7151584 .5017958 
 .5680645 .7566428 
 .1192708 .6077858 
 .9149888 .4718781 
 .5012276 .1002581 
 .9930635 .4612019 
 .6068901 .6243003 
 .5207996 .4319474 
 .8027243 .9161119 
 .8759003 .4013999 
 .9547650 .5100255 
 .7775912 .0123744 
 .0725396 .0728117 
 .9534034 .8725013 
 .7745860 .0880986 
 .3320678 .2725674 
 .1390524 .3567334 
 .8792693 .3347668 
 .8659188 .8849453 
 .1809385 .3272210 
 .3067885 .1895228 
 .9084372 .1386481 
 .9116229 .2836682 
 .1878281 .2561359 
 .7843855 .4820241 
 .6453093 .4866350 
 .8039807 .9793637 
 .7042570 .5035607 
 .3132750 .6528693 
 .9450520 .4158132 
 .5550288 .8885910 
 .5733760 .2171277 
 .3744027 .0518422 
 .0298661 .3859693 
 .4359886 .5597444 
 .4552992 .2147375 
 50 
 .2292108 .8601590 
 .2297728 .7338667 
 .0570993 .9006142 
 .4480343 .3810274 
 .3050154 .2468414 
 .4801176 .8050907 
 .5405645 .6839513 
 .3881647 .2833425 
 .0638163 .1423874 
 .8056495 .0006466 
 .7557277 .8113822 
 .0005964 .6604059 
 .4974845 .4479779 
 .4936918 .2762749 
 .7769990 .7105525 
 .2268351 .1751677 
 .7711769 .8304873 
 .5065742 .8082286 
 .2914633 .5099068 
 .5964206 .4365949 
 .2907356 .4605972 
 .9061534 .5900387 
 .6245023 .7800484 
 .4162959 .7834424 
 .5987351 .1333463 
 .6609064 .6505749 
 .3681741 .6501467 
 .8380494 .6863302 
 .0077461 .1674757 
 .1787353 .3844923 
 .2884962 .0023983 
 .5231220 .8627288 
 .7582918 .3119667 
 .2562796 .1619323 
 .2541867 .2170746 
 .6612289 .3127420 
 .7428794 .5951927 
 .8581888 .9351299 
 .3708222 .5852209 
 .5074005 .4718501 
 .4663925 .6341434 
 .2374635 .9853599 
 .3207808 .0256052 
 .3882044 .5400654 
 .9170419 .3782076 
 .3806282 .2544358 
 .1007403 .1370434 
 .2878668 .7852269 
 .4009730 .5940335 
 .6091594 .8807568 
 50 
 .9149119 .8867600 
 .6601656 .2314464 
 .1475371 .6050166 
 .3912440 .6106789 
 .9235940 .3799754 
 .0221283 .6319973 
 .6211408 .8809947 
 .0156014 .6817676 
 .8630370 .1754421 
 .1707177 .9892193 
 .9794914 .0307652 
 .7517611 .5752723 
 .2440165 .5061802 
 .5238515 .1222944 
 .9969649 .5820650 
 .4688388 .7109399 
 .9029197 .5341994 
 .1222526 .8970287 
 .0257278 .6406903 
 .4075155 .7080724 
 .1205528 .4125209 
 .2387862 .7200578 
 .1961513 .1024610 
 .8975763 .2625082 
 .3402882 .4473469 
 .3270955 .7631736 
 .0619619 .5487674 
 .2860251 .9899923 
 .7085723 .0477552 
 .2015032 .1217525 
 .2744784 .2884682 
 .1884447 .7621807 
 .2272221 .4198274 
 .8753025 .7245456 
 .6241945 .2159383 
 .3989302 .1123044 
 .2483483 .1066536 
 .3947197 .3003720 
 .9168662 .2370993 
 .3915791 .2133018 
 .3591424 .4951817 
 .2909823 .0705397 
 .6551774 .9722931 
 .3191775 .7320075 
 .3951781 .3054173 
 .9330876 .0740984 
 .3759561 .2768942 
 .7623783 .5387678 
 .3872802 .8470065 
 .0990197 .1463087 
 50 
 .7468254 .8275832 
 .2053239 .8026343 
 .6884189 .4727685 
 .4933198 .5589968 
 .1550754 .6042392 
 .3113210 .4280687 
 .3434992 .1782728 
 .7240735 .1947402 
 .5254518 .5544385 
 .5448336 .0898717 
 .9563148 .6910911 
 .4125291 .8651173 
 .4824612 .0595766 
 .5337132 .2988322 
 .8743465 .6628812 
 .6437254 .9965280 
 .7266999 .0286654 
 .7882452 .9813721 
 .4534903 .7219943 
 .8766553 .3953804 
 .6236192 .5278843 
 .9912432 .9822450 
 .4812063 .1638279 
 .7176540 .1677147 
 .5070475 .8109997 
 .0460824 .7001279 
 .5279843 .9506752 
 .6208547 .1066203 
 .0786926 .4477955 
 .4172170 .7417252 
 .0634332 .4623578 
 .6147089 .9740803 
 .5387589 .9546890 
 .0203840 .0307867 
 .6147001 .0834551 
 .5637287 .0921621 
 .7117152 .9137384 
 .0173517 .2342228 
 .0613386 .2324780 
 .2597610 .5217508 
 .4351584 .0232809 
 .3427281 .6682798 
 .3521468 .8328651 
 .7972634 .8453062 
 .8586245 .8554664 
 .6379992 .0235212 
 .4959049 .4952088 
 .2222024 .1834031 
 .0531016 .3029910 
 .4906253 .2981408 
 50 
 .6193464 .8246551 
 .3543589 .5630971 
 .4609102 .7793573 
 .4736777 .2549159 
 .2021045 .2869447 
 .9679722 .1194403 
 .2195188 .1940263 
 .4541563 .5178886 
 .2897818 .9611018 
 .1758204 .8497492 
 .2717710 .5558541 
 .9857837 .1006457 
 .5526960 .2763026 
 .8969822 .7535128 
 .4289056 .7652375 
 .3247280 .7088495 
 .4992617 .4749902 
 .6986876 .1791065 
 .1816578 .7374244 
 .7043621 .5854500 
 .9693753 .0638315 
 .0878187 .0617602 
 .0586362 .4564781 
 .9778250 .9677945 
 .2245750 .9086448 
 .4877770 .4755107 
 .7100756 .8914114 
 .5848061 .4016286 
 .5181538 .8989576 
 .6715938 .5351485 
 .6489732 .9130426 
 .0216285 .2077649 
 .9698125 .2523834 
 .3323115 .1724516 
 .7105204 .4321530 
 .5913657 .3229782 
 .8858413 .5485416 
 .7568232 .6742787 
 .7946503 .9365593 
 .1833811 .5374637 
 .3572294 .4767707 
 .2295142 .1083770 
 .3354261 .4367432 
 .1793361 .8269813 
 .0345063 .0514219 
 .8272030 .8760404 
 .1949021 .5367144 
 .3053693 .0285851 
 .4195230 .6930454 
 .6770385 .6190343 
 50 
 .3079961 .9288117 
 .3478042 .5346214 
 .8307912 .0933193 
 .5341633 .5714864 
 .4088161 .0681806 
 .1224014 .9804597 
 .3904024 .1760960 
 .6961125 .1857217 
 .5477942 .1146952 
 .9348254 .0772006 
 .9469547 .7364778 
 .8060711 .4743034 
 .8628817 .4371251 
 .9926531 .7913883 
 .7903238 .4843606 
 .0072702 .9988215 
 .1969711 .0563768 
 .8269080 .9995340 
 .3305183 .2384173 
 .1959592 .7992523 
 .6576122 .3616739 
 .7537589 .5460404 
 .6042668 .9110254 
 .7805462 .7959926 
 .0939999 .2655679 
 .7546794 .3088960 
 .5393914 .6941715 
 .3896555 .3099557 
 .7201134 .6707055 
 .8760211 .4282921 
 .3484265 .5008976 
 .3820083 .3343951 
 .7417969 .7033077 
 .3466074 .2790938 
 .2393498 .2363885 
 .7961871 .0554047 
 .8494746 .6253494 
 .0846140 .0688791 
 .8226975 .8673256 
 .5385025 .8563243 
 .8171016 .6694553 
 .1126554 .1190426 
 .1607427 .5276670 
 .1423356 .6545623 
 .2018570 .2475655 
 .6226568 .9372378 
 .3458225 .0435452 
 .3424867 .9076267 
 .2679922 .0664489 
 .0297422 .1152179 
 50 
 .8113031 .2795033 
 .9932171 .9884373 
 .7621544 .6401780 
 .3270306 .8869122 
 .2700832 .6028227 
 .5188262 .8682753 
 .0464102 .5217087 
 .4008848 .8573595 
 .2419368 .5322262 
 .1207630 .1590036 
 .3491012 .2827395 
 .6888150 .9638993 
 .5724067 .2817730 
 .3754282 .5544774 
 .5225702 .8530561 
 .6598970 .1568029 
 .1623651 .4302913 
 .6419763 .5743406 
 .7007021 .2875998 
 .0702177 .5873097 
 .3187627 .3412261 
 .8595885 .2516906 
 .6281293 .3615262 
 .7935203 .2668123 
 .7034960 .2273131 
 .8488374 .0193690 
 .1868599 .6005559 
 .2498751 .2117173 
 .7987271 .8990172 
 .1419263 .5379227 
 .7749909 .4359477 
 .0528609 .0142905 
 .1233982 .2552081 
 .6517369 .5715575 
 .6960751 .1304557 
 .4683950 .5805730 
 .1270865 .4690764 
 .1497819 .2566888 
 .5966193 .9536655 
 .6260087 .4522411 
 .7537550 .5918235 
 .5583070 .2209752 
 .2430929 .7921327 
 .1460201 .6800589 
 .1093584 .9411912 
 .4719522 .9990023 
 .5587378 .9617809 
 .9437127 .6423576 
 .4836702 .1614280 
 .1095296 .0540645 
