 15 
 80 
 .4468927 .0640320 
 .3465640 .4353506 
 .8697054 .9316046 
 .8080290 .1967788 
 .0953038 .2052841 
 .0245132 .2089093 
 .9812801 .8562034 
 .2171253 .2746490 
 .8985978 .6372987 
 .7072478 .0591935 
 .9508210 .1208985 
 .5264249 .7828445 
 .8547701 .5782520 
 .4250016 .1464930 
 .6500354 .6875159 
 .8639729 .2473502 
 .0227123 .2340386 
 .1532542 .3039870 
 .8973909 .6672985 
 .6294587 .4401161 
 .4184904 .2783428 
 .7136672 .3453537 
 .5426267 .9733191 
 .1085182 .0454567 
 .9205068 .6934763 
 .7256231 .9187857 
 .9700019 .4581118 
 .8077424 .0720127 
 .1292255 .2101439 
 .9417392 .7559213 
 .0147850 .9875715 
 .2519707 .1185536 
 .0685458 .7288248 
 .2108887 .6524851 
 .4163994 .9842015 
 .5831015 .5276774 
 .9323151 .1249929 
 .5974140 .8807100 
 .4355439 .9298229 
 .2723096 .2622470 
 .7708781 .7349294 
 .8453758 .9718958 
 .1415127 .1498888 
 .6052173 .0151822 
 .0789672 .5884103 
 .4118366 .9207388 
 .1298483 .9085778 
 .3222201 .6140106 
 .6876429 .0990856 
 .7033339 .8513519 
 .0593643 .4258730 
 .8938260 .2073583 
 .1794006 .4428958 
 .9348556 .0481708 
 .4014834 .8848647 
 .3835238 .0213454 
 .2369675 .2494054 
 .1907835 .9932271 
 .1737395 .8295435 
 .6983492 .6496301 
 .9027159 .5004594 
 .8024307 .6645496 
 .1832031 .5603857 
 .2499784 .8916298 
 .6670308 .6751078 
 .0669518 .8387339 
 .4344905 .2170601 
 .6468308 .0792245 
 .6203701 .1992643 
 .6175640 .5040059 
 .8609290 .1946204 
 .0103211 .6330334 
 .5951675 .1531080 
 .4151697 .7283816 
 .4163505 .3715751 
 .8560564 .2651332 
 .2901296 .9587563 
 .3666321 .4408100 
 .8188979 .3352607 
 .2034315 .7958708 
 80 
 .8108887 .4152804 
 .9851073 .5714666 
 .8671319 .3719738 
 .6747286 .9782019 
 .8773770 .9676543 
 .2929944 .8606443 
 .2526306 .4463499 
 .8174889 .0237699 
 .1396937 .4907705 
 .3282231 .3839721 
 .1721854 .7265068 
 .7315740 .7007207 
 .6106461 .1391771 
 .1497505 .4549726 
 .7965983 .4185028 
 .3049976 .9240288 
 .1645469 .9577305 
 .1482995 .0542496 
 .7819930 .7556906 
 .9602571 .6848925 
 .3682607 .9678819 
 .7535236 .2978792 
 .5134618 .9455797 
 .7855581 .9665383 
 .6018967 .3388540 
 .2889424 .6958598 
 .6497707 .7088499 
 .2729758 .9695524 
 .4929513 .0224886 
 .7611450 .0647544 
 .7917572 .7521916 
 .6082558 .5206431 
 .1291101 .8750840 
 .7799187 .9469460 
 .7259567 .0986786 
 .5546133 .9645146 
 .3313265 .8090657 
 .5911125 .2521999 
 .6989041 .6564101 
 .4455445 .1393176 
 .4601982 .9118705 
 .3642054 .5755162 
 .5564586 .7381922 
 .6493219 .2119212 
 .7950715 .7389526 
 .4117005 .2585308 
 .3364113 .4520567 
 .0904996 .2000317 
 .4667074 .1323513 
 .9276285 .7500078 
 .0315360 .9644490 
 .0114135 .9339679 
 .2407511 .9357932 
 .1175946 .1842474 
 .7441547 .5949483 
 .1293144 .0116798 
 .1406525 .8718316 
 .2529631 .3345110 
 .3321921 .5334124 
 .6924314 .9763815 
 .9650911 .6160557 
 .2169274 .2118536 
 .9006019 .6774722 
 .6609163 .4969506 
 .1963653 .7479380 
 .5203724 .5680253 
 .1209512 .6703325 
 .3362788 .7570246 
 .6126128 .7774136 
 .5505889 .4243953 
 .3658601 .6758660 
 .2355765 .5595107 
 .1081337 .8408210 
 .9760593 .4871238 
 .0238945 .7600187 
 .8542796 .8290019 
 .7924961 .9293635 
 .7656878 .9220950 
 .1144204 .9545777 
 .1843898 .2453776 
 80 
 .3805077 .6577809 
 .1910056 .4514017 
 .4508322 .1613808 
 .4520445 .6676442 
 .2015466 .6004538 
 .4650380 .0964565 
 .1044747 .0120815 
 .5114974 .8078574 
 .8481462 .1166934 
 .3316749 .1310817 
 .8004841 .6306125 
 .6800205 .2907432 
 .5501408 .3565001 
 .9545457 .9212161 
 .1306799 .9525226 
 .5209300 .7854217 
 .8020793 .7826083 
 .8645521 .3161536 
 .0975457 .8373925 
 .1795952 .3214144 
 .5880249 .0641614 
 .5103714 .1195136 
 .5072439 .6675680 
 .3499436 .2018995 
 .7392622 .5918974 
 .1163972 .9064215 
 .1085138 .4584777 
 .7966344 .1029611 
 .5268417 .1342530 
 .0877429 .0666602 
 .1282102 .7128367 
 .5807263 .9983575 
 .5322948 .2983262 
 .1120861 .4418350 
 .9831469 .3330649 
 .7343249 .4751161 
 .1562622 .4791708 
 .3932932 .2878754 
 .4518126 .8632856 
 .1023472 .8060460 
 .8161825 .8754240 
 .1119144 .5324773 
 .4684356 .1642942 
 .4172002 .8210346 
 .9505943 .9188019 
 .2427994 .4103716 
 .9557795 .3319251 
 .3948262 .1697837 
 .3890128 .1095288 
 .2702393 .5475878 
 .7419573 .2512704 
 .7382219 .9944144 
 .4627460 .7692961 
 .1261957 .4291577 
 .6104586 .6362395 
 .4071970 .3311568 
 .4234233 .6178796 
 .8373345 .9229922 
 .9114908 .7359769 
 .3607931 .7361183 
 .3024165 .3490740 
 .9017389 .1459392 
 .9166400 .0966884 
 .2014392 .6809080 
 .2857352 .5261342 
 .3263324 .4463161 
 .2277663 .8494574 
 .7475786 .1896733 
 .9953915 .1364470 
 .5411970 .6404893 
 .0549511 .9516622 
 .5341552 .9898895 
 .7596281 .0396843 
 .0671301 .8793564 
 .0572240 .6416396 
 .5880066 .1250211 
 .0208161 .3132227 
 .8479397 .6338648 
 .6936987 .0732680 
 .5478654 .5279560 
 80 
 .4712308 .1431453 
 .5691321 .2769863 
 .6616586 .6791771 
 .2963268 .4798967 
 .3233222 .4286719 
 .0698041 .6028434 
 .0020339 .2683211 
 .7437982 .1801712 
 .3125033 .6623951 
 .1147074 .3619687 
 .8316230 .1956837 
 .2521005 .8282083 
 .5968837 .9182326 
 .3286100 .5049567 
 .4153134 .1489157 
 .4080491 .6697052 
 .6597844 .9235355 
 .0052330 .3150518 
 .4204664 .1787349 
 .4549973 .3847938 
 .6372753 .2113242 
 .7882015 .9734934 
 .6995339 .5569515 
 .6629831 .9967948 
 .1843807 .2431543 
 .8816010 .3397244 
 .8258835 .8780124 
 .2657731 .1559302 
 .0600103 .1626489 
 .4828885 .8418485 
 .8617135 .5269894 
 .3157577 .2031445 
 .0520712 .4842594 
 .5410641 .3610028 
 .4658465 .2189663 
 .9053051 .8449691 
 .6806314 .5413543 
 .7281638 .8565938 
 .4530947 .7718137 
 .6758386 .5711411 
 .3084035 .9122628 
 .6722926 .2176273 
 .2957988 .6063692 
 .3835585 .1224746 
 .8542303 .3124318 
 .0355703 .4386425 
 .8120461 .6750729 
 .5133855 .3672582 
 .2466553 .5853883 
 .9305210 .7070411 
 .4139822 .6021388 
 .5303593 .8702382 
 .0710705 .4447271 
 .4535939 .3518866 
 .7935346 .7753762 
 .3303815 .2390252 
 .5553378 .5138779 
 .7746559 .8425273 
 .8017743 .9618021 
 .7998494 .0085451 
 .1051891 .9799361 
 .2564569 .1386781 
 .5320466 .7262209 
 .1163820 .3749352 
 .0421140 .8223716 
 .4882227 .6818799 
 .2459108 .5139780 
 .5204979 .5160682 
 .0128517 .0969633 
 .9026862 .1815323 
 .7848302 .7161229 
 .7607577 .5366682 
 .7310093 .1498370 
 .8060254 .0869821 
 .4894671 .3672520 
 .2625443 .2517636 
 .2777360 .9060155 
 .1853325 .2504257 
 .4023352 .3333295 
 .2933061 .0730031 
 80 
 .1297869 .5214219 
 .5683933 .7736686 
 .6584755 .9288188 
 .9947480 .1881431 
 .3997188 .7068072 
 .4957145 .3950657 
 .4727250 .8594857 
 .1251085 .0247942 
 .4643649 .9266058 
 .8248914 .0112453 
 .0110511 .2192672 
 .7023201 .6652986 
 .2241418 .4452524 
 .1225639 .0415049 
 .6873368 .9766311 
 .4615044 .4303876 
 .6771496 .8380259 
 .8093686 .3310428 
 .0559030 .9678824 
 .1379108 .2750540 
 .3084305 .1030177 
 .5084453 .1524771 
 .4739624 .8719023 
 .0590619 .9408515 
 .9861590 .9053511 
 .2082187 .6033781 
 .0871058 .9728416 
 .3775295 .9846179 
 .6229419 .7543120 
 .3853268 .3108282 
 .4448278 .7243145 
 .4984153 .8543965 
 .8018132 .0585805 
 .1437287 .8422989 
 .1820048 .2106767 
 .8532711 .1091149 
 .8829155 .0242864 
 .7111758 .5854185 
 .7061443 .5579989 
 .1448486 .6793597 
 .7982651 .2551398 
 .2943912 .0974868 
 .7091318 .1793793 
 .5347236 .7423668 
 .8084035 .6834221 
 .3294555 .0388698 
 .5761068 .4462700 
 .9684972 .3351289 
 .9361477 .1051529 
 .5740539 .7926936 
 .3930053 .9595237 
 .9309329 .2553029 
 .6090531 .1122785 
 .2733967 .7365344 
 .2582147 .0508975 
 .3960435 .1003809 
 .2336123 .6092612 
 .7917816 .8700852 
 .9826901 .4777826 
 .5847990 .4713705 
 .9906190 .3709777 
 .6369195 .1160587 
 .0167900 .4809595 
 .3657827 .4180094 
 .0825318 .2433671 
 .7143072 .0998695 
 .5709931 .4572100 
 .7317789 .1283237 
 .9800781 .6078008 
 .9340810 .5769182 
 .4015676 .4556489 
 .7579316 .6661171 
 .9067469 .6246763 
 .9529449 .9145819 
 .6111667 .5386668 
 .7947708 .2357628 
 .8662235 .5412700 
 .8689231 .1492976 
 .0682328 .7554118 
 .3720573 .0044475 
 80 
 .9592262 .9934139 
 .0968410 .1274042 
 .6779989 .0577639 
 .3870556 .9378020 
 .5526114 .7500928 
 .4375961 .1016926 
 .7417810 .9457898 
 .6234995 .4056311 
 .0550190 .7445899 
 .5144384 .8938922 
 .0201621 .9616982 
 .4951695 .4902382 
 .6197374 .5053413 
 .2846318 .3466062 
 .8695751 .3583427 
 .1306625 .9806211 
 .0368730 .2441873 
 .2450286 .2764855 
 .9506971 .3503560 
 .5135834 .9615969 
 .3933152 .8792443 
 .2352429 .5037165 
 .5109747 .3130261 
 .3650511 .7076936 
 .7703938 .1641500 
 .4022661 .7711762 
 .1225064 .1260586 
 .8030639 .2674304 
 .3155345 .8649645 
 .9255224 .4798900 
 .0104127 .5663997 
 .5359254 .6743867 
 .4656197 .5705446 
 .5115215 .1557108 
 .7357332 .2363262 
 .4445912 .1472425 
 .9161729 .2417374 
 .4524182 .4254155 
 .0007943 .9700399 
 .8814497 .9417550 
 .1218883 .9992701 
 .2029473 .0187002 
 .7238987 .9940339 
 .8607082 .6934152 
 .6804347 .9197471 
 .9653587 .9258338 
 .2840929 .3235327 
 .5382115 .1403126 
 .8928681 .7536927 
 .6821311 .3290125 
 .9656758 .9593350 
 .9761767 .0415130 
 .1103950 .4991128 
 .1214030 .2887380 
 .1360189 .4064223 
 .1609833 .9070416 
 .1686325 .6585780 
 .4002119 .4048247 
 .5691715 .8677279 
 .5898149 .8313382 
 .2769213 .7773616 
 .3257921 .7849200 
 .5816353 .1734888 
 .4646044 .2728387 
 .1716485 .5046986 
 .3453351 .6417071 
 .2755942 .0886394 
 .6293914 .0481136 
 .1589489 .9397628 
 .6797754 .7032366 
 .1887953 .0977315 
 .8598564 .1097778 
 .8635567 .4184888 
 .3773189 .3591163 
 .0291809 .0989013 
 .9614518 .8531676 
 .0669847 .1668989 
 .5575873 .0785725 
 .9262780 .6454323 
 .3552085 .7475606 
 80 
 .9596184 .3911250 
 .0274101 .1246708 
 .7602596 .4554947 
 .4279503 .0134954 
 .4477145 .3938473 
 .7344493 .9522735 
 .6334957 .8676744 
 .8963059 .8685325 
 .8477020 .2014032 
 .1850013 .9155854 
 .4283207 .7519357 
 .7815647 .5395728 
 .3665892 .9553488 
 .9874728 .0244251 
 .6486485 .0926903 
 .3150784 .7906383 
 .2086869 .9667914 
 .0931877 .4766385 
 .3719734 .0426807 
 .1915668 .1407963 
 .9652640 .8513367 
 .0913367 .5573524 
 .1422015 .7034154 
 .0603424 .2476908 
 .1351576 .5570306 
 .0750352 .2340479 
 .0126624 .2199222 
 .9921249 .1079264 
 .1907665 .3672037 
 .1306162 .3897151 
 .7025591 .9846221 
 .8817724 .7763310 
 .5452637 .1046595 
 .4124371 .1246292 
 .9590185 .8271534 
 .3449130 .2319061 
 .0932679 .7831782 
 .0506362 .9205738 
 .7208115 .0240080 
 .6391165 .8190508 
 .6886219 .8468379 
 .7994340 .6996132 
 .5587197 .7938752 
 .4879015 .3684329 
 .9893331 .9071886 
 .3687255 .9228016 
 .1214285 .6516150 
 .4085312 .6526561 
 .5411328 .5328442 
 .7918710 .8624956 
 .9447367 .5758206 
 .2422046 .2576570 
 .7875243 .1655881 
 .9677461 .0452166 
 .9857755 .4019531 
 .0579100 .2515449 
 .8855894 .6316219 
 .6752681 .6002958 
 .6228382 .1850716 
 .4488592 .2083813 
 .7732330 .9861155 
 .8937737 .8628096 
 .6153271 .4832042 
 .4630816 .1951732 
 .8749517 .5737491 
 .1727783 .0675986 
 .6472311 .5944440 
 .0074106 .2561392 
 .1496153 .2074687 
 .0798024 .3344437 
 .5814525 .7378813 
 .5367519 .7290871 
 .8751617 .2622081 
 .4151090 .3827534 
 .4312101 .0005145 
 .1881801 .4045231 
 .6315060 .2498626 
 .9173505 .5273979 
 .3086484 .5793175 
 .2420653 .0888933 
 80 
 .3843754 .0863275 
 .5942805 .4956077 
 .2396928 .4296655 
 .8900885 .5591412 
 .3891863 .7809504 
 .5978418 .4681334 
 .7380942 .8883604 
 .7626599 .1965443 
 .8254847 .6732740 
 .7230985 .4861483 
 .4105137 .1715222 
 .5159119 .7635751 
 .6388798 .6114792 
 .1456369 .9786533 
 .6184044 .8546461 
 .0010924 .8383132 
 .0088058 .6114679 
 .9222135 .6534255 
 .3513535 .5241580 
 .1368440 .3467152 
 .1768519 .5550587 
 .0645900 .3578353 
 .9704533 .7468286 
 .5775064 .4338329 
 .0618092 .3802970 
 .6566436 .7541356 
 .3591781 .3354416 
 .6182398 .5908475 
 .1539881 .9864148 
 .5200063 .7671085 
 .2731470 .5961393 
 .5004204 .5055744 
 .6227649 .7205049 
 .3436348 .7502373 
 .3090623 .8249024 
 .3784164 .5298677 
 .3877257 .8325059 
 .9778745 .1798515 
 .9170172 .7776514 
 .6815098 .9581406 
 .0951786 .6796277 
 .7537349 .4249749 
 .2592730 .1704877 
 .4523845 .4869968 
 .5082136 .7308740 
 .2232500 .7538863 
 .4725133 .4736246 
 .4662577 .2767477 
 .7598947 .5668548 
 .6269547 .2266862 
 .0194879 .3445886 
 .5323881 .9613744 
 .2355761 .0896086 
 .6796631 .4864424 
 .3198658 .0033046 
 .3523506 .7542732 
 .5417393 .0516884 
 .9258920 .6997677 
 .7290231 .6837071 
 .6571241 .4729035 
 .0851552 .7832957 
 .9514279 .0109676 
 .1873973 .0035530 
 .0676924 .8562417 
 .2275805 .6407767 
 .1476939 .8621730 
 .4919461 .6761420 
 .2215198 .9747216 
 .7976061 .2193291 
 .5107265 .3951580 
 .1451557 .4446819 
 .1799130 .8331261 
 .9326780 .7672961 
 .1167319 .8888200 
 .1159480 .4520668 
 .9789418 .4426754 
 .7907214 .5089575 
 .4513438 .7995853 
 .6007449 .4658690 
 .4092460 .6893377 
 80 
 .6122006 .7272576 
 .6798647 .4602806 
 .0018514 .4603750 
 .7077107 .2511707 
 .9298588 .4774429 
 .2309269 .8562937 
 .8442278 .0145275 
 .8166505 .6182812 
 .4147829 .6971110 
 .7261641 .1361292 
 .2306267 .8166684 
 .2137986 .9447753 
 .9138475 .2477057 
 .3236461 .6267429 
 .6889757 .2740059 
 .0390520 .0128485 
 .6749996 .0670239 
 .9529784 .1123240 
 .8947945 .8067629 
 .3415826 .0149489 
 .5732477 .1318305 
 .7051304 .9984717 
 .7553413 .8639936 
 .7435775 .1607281 
 .3416300 .3242093 
 .8002093 .7219966 
 .7210871 .0300867 
 .6645303 .2912741 
 .3778389 .5648092 
 .0915536 .3798576 
 .9440279 .7980056 
 .4726598 .7339026 
 .6385882 .7206765 
 .9746764 .0390252 
 .0312445 .6673459 
 .5276910 .5565651 
 .4502119 .8148942 
 .8547459 .5523467 
 .6460317 .1823231 
 .0518857 .1817115 
 .7553952 .9597818 
 .9864443 .9437650 
 .0878211 .3568336 
 .1138703 .9952283 
 .3823386 .2049393 
 .5352058 .5395294 
 .2360303 .6407639 
 .7324634 .1368533 
 .3640665 .1359519 
 .1189879 .0103131 
 .8718759 .1637550 
 .2053593 .0842496 
 .1519963 .5791005 
 .8748876 .3524372 
 .3960946 .4496574 
 .2401846 .9437021 
 .7592904 .1619572 
 .2550708 .5746804 
 .3394237 .1269470 
 .3130971 .5361835 
 .4359197 .7492743 
 .2916387 .4704344 
 .8165972 .3674007 
 .9027548 .4183133 
 .4187734 .9181079 
 .9802110 .3432478 
 .2035204 .8673635 
 .8451388 .9035200 
 .6165570 .6556467 
 .7171632 .9170815 
 .8211936 .1429687 
 .0273685 .9494940 
 .7806252 .3577500 
 .3856101 .9008797 
 .2888581 .7427048 
 .9863063 .4538021 
 .7793039 .9757287 
 .7203851 .7903433 
 .4627500 .6877550 
 .7004032 .0503133 
 80 
 .0346608 .8034342 
 .9924199 .4780711 
 .5057450 .0325635 
 .9608942 .9248715 
 .9970917 .9162531 
 .8380872 .1065186 
 .6370941 .8951177 
 .1811074 .4694259 
 .7244932 .6681341 
 .2192224 .3365029 
 .4903452 .6384636 
 .3503087 .7696159 
 .1992035 .9223077 
 .0347005 .8172650 
 .7614626 .0920050 
 .0611582 .9715866 
 .9572922 .8358882 
 .8145969 .1323806 
 .9580532 .7831670 
 .1375127 .4995925 
 .9211944 .0380799 
 .2131188 .8590945 
 .5645215 .1070364 
 .3619629 .8967279 
 .0180839 .9362407 
 .6766510 .6169306 
 .8168781 .1936225 
 .1501522 .7369047 
 .2327897 .6535871 
 .6984137 .0947152 
 .5348329 .9394133 
 .7415790 .6069781 
 .1854668 .7468559 
 .4813887 .0334302 
 .0877126 .2519325 
 .5742399 .5837046 
 .1406366 .3717693 
 .6163250 .0055932 
 .5746449 .0130355 
 .9831299 .9309933 
 .5456187 .9586819 
 .5417917 .5701459 
 .6783618 .5987121 
 .2102698 .9186985 
 .7627851 .7303174 
 .0884018 .9951101 
 .4058780 .0001969 
 .9365878 .7149786 
 .6014690 .5380375 
 .3194886 .2285543 
 .0582069 .6732162 
 .1436391 .2300284 
 .5717716 .5126126 
 .1656687 .1616924 
 .2751848 .1992371 
 .0858026 .5897750 
 .4739130 .9199986 
 .0108871 .4662220 
 .8803781 .6746085 
 .5012514 .5939061 
 .0031816 .3821532 
 .4226918 .4012847 
 .5049556 .4505225 
 .9126485 .0633838 
 .4919417 .2674580 
 .6296435 .9737179 
 .5983132 .4287487 
 .9661764 .4083739 
 .7265655 .5748417 
 .1339218 .6985452 
 .4371474 .5751325 
 .2301656 .0483075 
 .9685623 .0302340 
 .0073461 .9449345 
 .1235750 .6448719 
 .7222418 .4915676 
 .8755832 .3835083 
 .9541853 .4661362 
 .3168096 .3206264 
 .6565705 .9330786 
 80 
 .9593858 .0386033 
 .1342854 .2001915 
 .5718041 .0465359 
 .5004310 .1538558 
 .5342521 .1690466 
 .0252033 .7914855 
 .6621822 .7982644 
 .4020104 .3073536 
 .8007541 .3656318 
 .2621880 .5214986 
 .1436813 .8612105 
 .3989631 .8532323 
 .7761736 .6325344 
 .4300093 .4503931 
 .6682412 .3960598 
 .5399375 .4499462 
 .2242843 .1926806 
 .1907882 .5593506 
 .1877747 .1528855 
 .1489296 .0433340 
 .5536132 .0827171 
 .9171424 .5468595 
 .1905660 .1520350 
 .9349764 .6891755 
 .8447038 .9124593 
 .1601121 .6704315 
 .4921465 .4820697 
 .4973619 .8234619 
 .7333091 .4332263 
 .8164920 .6385085 
 .8564048 .5720588 
 .9991612 .7449026 
 .8178509 .7040044 
 .7703499 .0456009 
 .8515949 .3775587 
 .3796067 .9999789 
 .5758842 .6639102 
 .0686666 .2069817 
 .8498110 .8766382 
 .4484169 .1616324 
 .4657169 .8139557 
 .3511916 .4875396 
 .9574052 .1043453 
 .5528819 .1684585 
 .9557365 .4806508 
 .2897635 .3326783 
 .9177287 .6610397 
 .2311596 .9420552 
 .6654043 .7785071 
 .2024992 .1974276 
 .6564864 .2120463 
 .3628897 .4259621 
 .6182838 .9080414 
 .7934145 .4332156 
 .1438982 .9531174 
 .8008909 .4904014 
 .7988753 .8204055 
 .1281935 .9300308 
 .6267669 .3482232 
 .3153615 .3228169 
 .7714356 .5493016 
 .4919808 .9249853 
 .0374612 .6532188 
 .9046614 .9749874 
 .0603673 .6553746 
 .6852273 .8765707 
 .5157253 .8209698 
 .1244086 .6632716 
 .3081698 .2478024 
 .5987744 .6671803 
 .4831359 .3405482 
 .0592788 .2193244 
 .9183486 .9423365 
 .5695225 .6347521 
 .5889307 .3951426 
 .9095559 .7644034 
 .9570871 .8845787 
 .0531790 .0476675 
 .0998414 .4303578 
 .8871342 .2311678 
 80 
 .5288906 .6118075 
 .5607447 .6253245 
 .9354684 .8066084 
 .2133309 .7826524 
 .6578191 .0462025 
 .5905470 .5700811 
 .5546429 .6663458 
 .4835238 .4788800 
 .8973308 .3068432 
 .4477906 .3145513 
 .2771246 .4788852 
 .5112851 .7173579 
 .4581654 .2973927 
 .3787465 .8015116 
 .3788951 .9326336 
 .9873384 .0244841 
 .5851019 .1709064 
 .3568633 .6019624 
 .4282063 .9265499 
 .8863218 .7006717 
 .2298331 .7927361 
 .1432337 .5401658 
 .8334572 .3696981 
 .5269981 .6227801 
 .7586019 .2170349 
 .9040111 .7327650 
 .4528707 .3297890 
 .5392058 .1832226 
 .4996563 .9618947 
 .7025257 .0623717 
 .3698557 .7786341 
 .7135057 .8959025 
 .3769801 .5126827 
 .5940031 .0942871 
 .5668399 .7644671 
 .8071291 .6249095 
 .6931678 .0026744 
 .8359493 .3083055 
 .2342692 .2981224 
 .8524941 .6926912 
 .3157144 .4146093 
 .8874186 .2558304 
 .8303744 .5720871 
 .3622092 .3001943 
 .0874000 .9163302 
 .4055388 .8658128 
 .7612103 .3384773 
 .0471432 .7422519 
 .2228541 .0881946 
 .3578239 .6113048 
 .6793826 .3540193 
 .2617930 .8272740 
 .7697893 .8194823 
 .6539607 .6117012 
 .9037802 .7571491 
 .3638406 .7110816 
 .9048045 .5455503 
 .3609124 .9840228 
 .3415391 .0743717 
 .5224434 .0305027 
 .9000586 .2670192 
 .6003379 .8698791 
 .5473702 .2600573 
 .2324618 .7731329 
 .0385267 .4368076 
 .6374822 .5530255 
 .1842880 .7558788 
 .8894813 .7454422 
 .5719538 .3203609 
 .4558495 .9457142 
 .1536856 .0131285 
 .2531441 .8021929 
 .0070291 .8289514 
 .2721267 .4603180 
 .0416061 .2531827 
 .4739608 .1759132 
 .5717088 .0954602 
 .9809811 .8959882 
 .2819670 .4484140 
 .5814301 .2959520 
 80 
 .6550242 .2065804 
 .4295132 .4583874 
 .5664012 .5878818 
 .9289492 .4124248 
 .3301133 .5249138 
 .7063003 .3938224 
 .5342836 .2491637 
 .0636549 .1411365 
 .7616271 .9289641 
 .2901243 .9573794 
 .6554191 .3297219 
 .8369906 .7213547 
 .3650602 .0685602 
 .9386327 .5479489 
 .4717737 .4982284 
 .2944529 .3290811 
 .0269697 .3777754 
 .6073374 .8313072 
 .9935367 .5083053 
 .9806243 .2142572 
 .5114454 .1069395 
 .4745136 .5357018 
 .0487082 .9741685 
 .7682583 .7311156 
 .3696058 .0298708 
 .3077165 .3426703 
 .7643137 .5396918 
 .1678363 .5066729 
 .2352973 .7519886 
 .9427892 .9091052 
 .1112503 .5794423 
 .2966750 .0431412 
 .3315826 .6894949 
 .5563926 .5448544 
 .5736800 .6522681 
 .2843165 .9758148 
 .3290088 .8093484 
 .6982442 .4334316 
 .5077882 .8850495 
 .8635908 .0087714 
 .3880528 .1142835 
 .7094069 .5216915 
 .6336323 .2962591 
 .2443980 .2265078 
 .2845481 .6266572 
 .1881293 .3176050 
 .3577148 .7760042 
 .0899102 .0304119 
 .9583027 .2694412 
 .5748909 .8235515 
 .2528154 .0212573 
 .5125531 .3747532 
 .6415236 .5622048 
 .7134640 .6958262 
 .0255298 .1820140 
 .4797816 .2776554 
 .9150719 .4444667 
 .4049610 .4593432 
 .6808637 .3061442 
 .8673202 .7582970 
 .6069762 .8083243 
 .5069900 .2197930 
 .3471391 .8777385 
 .6201944 .4023656 
 .3890386 .4668029 
 .0401998 .8037983 
 .3533772 .8257798 
 .0795386 .6835738 
 .2437765 .3038936 
 .0496502 .6208909 
 .6552258 .3370027 
 .5058184 .9698256 
 .6653455 .2467856 
 .6286007 .7794128 
 .5844074 .6388344 
 .1767638 .8184034 
 .5244989 .4703246 
 .5474671 .1017300 
 .1505699 .6253413 
 .1609648 .7153263 
 80 
 .9690425 .8882654 
 .3408501 .6724226 
 .7533278 .7811383 
 .9657399 .8398141 
 .5476511 .5054127 
 .4906983 .4164025 
 .1661885 .3152471 
 .7305389 .7355684 
 .9363201 .5992797 
 .5038233 .9421866 
 .0329640 .7489233 
 .4848039 .9463681 
 .2131300 .9694234 
 .2171405 .4988359 
 .8711748 .4085003 
 .2118636 .7242544 
 .5684087 .6371468 
 .5741669 .3833538 
 .7058592 .3563330 
 .0580960 .8443634 
 .6537832 .3977896 
 .4014604 .4986163 
 .9611082 .2499523 
 .9992467 .3612451 
 .4650188 .5223606 
 .3738459 .0001876 
 .1155490 .4515744 
 .6234521 .8172885 
 .7199474 .6747959 
 .3924251 .0836586 
 .8819126 .4171399 
 .4131665 .9646553 
 .1341977 .7556582 
 .0095268 .9524239 
 .2997206 .9760880 
 .0058530 .4879031 
 .8138411 .9026237 
 .3199082 .8690962 
 .1340365 .5701044 
 .3859529 .5152639 
 .1754770 .2726358 
 .8976751 .9320375 
 .3521329 .8511100 
 .8083043 .8823213 
 .3706859 .5001325 
 .8935462 .8317674 
 .2038301 .2457911 
 .4758364 .1626138 
 .1331856 .8702899 
 .3172397 .3302914 
 .5601701 .1760023 
 .5920243 .4054718 
 .2834307 .2657532 
 .8149207 .5696715 
 .6689951 .5814034 
 .3812421 .3221761 
 .8168045 .8398562 
 .9118008 .5544442 
 .3649059 .2227250 
 .0178125 .3373099 
 .5679552 .1388672 
 .7251402 .2657716 
 .0249820 .9510872 
 .1272023 .4729535 
 .8852375 .0403223 
 .5630555 .8534915 
 .1905522 .7108265 
 .6204752 .4591563 
 .5656260 .3940469 
 .6096979 .2155174 
 .7792088 .5003205 
 .0957636 .7648984 
 .4918719 .6469900 
 .0575160 .0123142 
 .1901674 .8473261 
 .8881828 .4195381 
 .9800823 .0025329 
 .5824800 .7774640 
 .3599777 .5623832 
 .0722629 .5455206 
 80 
 .7873070 .8094609 
 .9682961 .2736111 
 .9544998 .6158642 
 .3186332 .4489067 
 .0451242 .8953217 
 .9707986 .6063614 
 .3869640 .9412812 
 .4793477 .9150590 
 .0766219 .4534207 
 .1738607 .8469894 
 .2308406 .7994952 
 .1238978 .0326075 
 .1205797 .8622407 
 .6233259 .0280895 
 .8501516 .0455015 
 .9706153 .4195933 
 .4280602 .4605978 
 .4356123 .3645881 
 .6987615 .2214979 
 .2558228 .1514767 
 .0130260 .8213838 
 .3628033 .4158143 
 .7440920 .8569722 
 .5557467 .9914696 
 .5300059 .4612702 
 .4561916 .6426100 
 .8496123 .6885785 
 .4238638 .6994404 
 .3182379 .1932841 
 .5054009 .4267388 
 .7043592 .7196018 
 .4290088 .2464160 
 .5931244 .4736969 
 .8403652 .1081366 
 .0166534 .1208411 
 .7772254 .6874895 
 .0822410 .1141966 
 .3686027 .9588261 
 .1930779 .9317747 
 .6730015 .2467220 
 .0945457 .6248473 
 .3803764 .2506014 
 .6026974 .3529006 
 .9231836 .8434082 
 .0778430 .2228690 
 .6894915 .6868666 
 .7803981 .1271760 
 .0095235 .8398582 
 .1609625 .1868050 
 .0876337 .4572964 
 .5521366 .0905138 
 .9534643 .2166277 
 .9935180 .7551720 
 .8753104 .0372672 
 .0687931 .4283217 
 .7694324 .6819097 
 .3875200 .1632206 
 .3926128 .5922867 
 .1142288 .5071027 
 .1505537 .3975837 
 .8315200 .6809676 
 .0081731 .4609353 
 .8070537 .3571687 
 .2533740 .0551992 
 .8893716 .6601875 
 .9348457 .6781083 
 .9445193 .9645449 
 .0458149 .9609491 
 .8120998 .6175875 
 .5258012 .8636344 
 .7408548 .4871805 
 .6552556 .5894747 
 .3827756 .2759173 
 .3648733 .0396241 
 .5912716 .3426074 
 .5012868 .7421197 
 .0807001 .2542985 
 .5001606 .0531840 
 .7467701 .8212221 
 .7203383 .9960367 
