50
2 1 0.031000
3 1 0.009000
3 2 0.352000
4 1 0.034000
4 2 0.792000
4 3 0.987000
5 1 0.052000
5 2 0.550000
5 3 0.995000
5 4 0.424000
6 1 0.059000
6 2 0.479000
6 3 0.378000
6 4 0.639000
6 5 0.391000
7 1 0.545000
7 2 0.437000
7 3 0.243000
7 4 0.915000
7 5 0.959000
7 6 0.384000
8 1 0.679000
8 2 0.619000
8 3 0.952000
8 4 0.760000
8 5 0.938000
8 6 0.311000
8 7 0.028000
9 1 0.641000
9 2 0.788000
9 3 0.998000
9 4 0.424000
9 5 0.289000
9 6 0.259000
9 7 0.032000
9 8 0.990000
10 1 0.211000
10 2 0.237000
10 3 0.836000
10 4 0.639000
10 5 0.428000
10 6 0.765000
10 7 0.031000
10 8 0.318000
10 9 0.347000
11 1 0.654000
11 2 0.975000
11 3 0.352000
11 4 0.208000
11 5 0.584000
11 6 0.406000
11 7 0.056000
11 8 0.969000
11 9 0.716000
11 10 0.889000
12 1 0.331000
12 2 0.478000
12 3 0.290000
12 4 0.980000
12 5 0.932000
12 6 0.617000
12 7 0.071000
12 8 0.670000
12 9 0.811000
12 10 0.862000
12 11 0.380000
13 1 0.916000
13 2 0.027000
13 3 0.868000
13 4 0.640000
13 5 0.224000
13 6 0.990000
13 7 0.013000
13 8 0.594000
13 9 0.384000
13 10 0.471000
13 11 0.731000
13 12 0.866000
14 1 0.349000
14 2 0.329000
14 3 0.459000
14 4 0.611000
14 5 0.286000
14 6 0.283000
14 7 0.078000
14 8 0.277000
14 9 0.620000
14 10 0.992000
14 11 0.592000
14 12 0.551000
14 13 0.272000
15 1 0.625000
15 2 0.310000
15 3 0.482000
15 4 0.631000
15 5 0.675000
15 6 0.981000
15 7 0.020000
15 8 0.922000
15 9 0.730000
15 10 0.826000
15 11 0.538000
15 12 0.664000
15 13 0.734000
15 14 0.424000
16 1 0.418000
16 2 0.611000
16 3 0.268000
16 4 0.411000
16 5 0.795000
16 6 0.285000
16 7 0.457000
16 8 0.583000
16 9 0.212000
16 10 0.521000
16 11 0.890000
16 12 0.311000
16 13 0.666000
16 14 0.960000
16 15 0.547000
17 1 0.841000
17 2 0.251000
17 3 0.314000
17 4 0.202000
17 5 0.370000
17 6 0.764000
17 7 0.945000
17 8 0.464000
17 9 0.646000
17 10 0.366000
17 11 0.429000
17 12 0.599000
17 13 0.559000
17 14 0.224000
17 15 0.358000
17 16 0.003000
18 1 0.313000
18 2 0.480000
18 3 0.373000
18 4 0.648000
18 5 0.404000
18 6 0.571000
18 7 0.469000
18 8 0.207000
18 9 0.808000
18 10 0.877000
18 11 0.297000
18 12 0.919000
18 13 0.461000
18 14 0.673000
18 15 0.932000
18 16 0.019000
18 17 0.541000
19 1 0.779000
19 2 0.693000
19 3 0.767000
19 4 0.594000
19 5 0.217000
19 6 0.818000
19 7 0.848000
19 8 0.906000
19 9 0.676000
19 10 0.252000
19 11 0.541000
19 12 0.034000
19 13 0.366000
19 14 0.324000
19 15 0.670000
19 16 0.084000
19 17 0.624000
19 18 0.529000
20 1 0.420000
20 2 0.593000
20 3 0.792000
20 4 0.441000
20 5 0.421000
20 6 0.914000
20 7 0.970000
20 8 0.491000
20 9 0.467000
20 10 0.323000
20 11 0.560000
20 12 0.669000
20 13 0.446000
20 14 0.364000
20 15 0.201000
20 16 0.044000
20 17 0.851000
20 18 0.685000
20 19 0.851000
21 1 0.904000
21 2 0.387000
21 3 0.644000
21 4 0.347000
21 5 0.305000
21 6 0.889000
21 7 0.884000
21 8 0.539000
21 9 0.371000
21 10 0.507000
21 11 0.554000
21 12 0.799000
21 13 0.644000
21 14 0.478000
21 15 0.958000
21 16 0.084000
21 17 0.645000
21 18 0.833000
21 19 0.773000
21 20 0.940000
22 1 0.692000
22 2 0.977000
22 3 0.229000
22 4 0.935000
22 5 0.445000
22 6 0.582000
22 7 0.938000
22 8 0.919000
22 9 0.286000
22 10 0.755000
22 11 0.919000
22 12 0.615000
22 13 0.472000
22 14 0.756000
22 15 0.526000
22 16 0.012000
22 17 0.761000
22 18 0.339000
22 19 0.267000
22 20 0.653000
22 21 0.970000
23 1 0.993000
23 2 0.278000
23 3 0.404000
23 4 0.726000
23 5 0.512000
23 6 0.699000
23 7 0.271000
23 8 0.457000
23 9 0.979000
23 10 0.957000
23 11 0.303000
23 12 0.293000
23 13 0.484000
23 14 0.956000
23 15 0.439000
23 16 0.070000
23 17 0.519000
23 18 0.274000
23 19 0.652000
23 20 0.625000
23 21 0.262000
23 22 0.829000
24 1 0.657000
24 2 0.856000
24 3 0.614000
24 4 0.653000
24 5 0.244000
24 6 0.799000
24 7 0.651000
24 8 0.928000
24 9 0.609000
24 10 0.662000
24 11 0.570000
24 12 0.846000
24 13 0.732000
24 14 0.960000
24 15 0.790000
24 16 0.086000
24 17 0.265000
24 18 0.770000
24 19 0.513000
24 20 0.584000
24 21 0.978000
24 22 0.700000
24 23 0.618000
25 1 0.233000
25 2 0.722000
25 3 0.447000
25 4 0.336000
25 5 0.494000
25 6 0.288000
25 7 0.969000
25 8 0.659000
25 9 0.526000
25 10 0.584000
25 11 0.848000
25 12 0.304000
25 13 0.571000
25 14 0.351000
25 15 0.309000
25 16 0.413000
25 17 0.631000
25 18 0.364000
25 19 0.767000
25 20 0.585000
25 21 0.795000
25 22 0.214000
25 23 0.876000
25 24 0.849000
26 1 0.761000
26 2 0.395000
26 3 0.905000
26 4 0.307000
26 5 0.532000
26 6 0.827000
26 7 0.566000
26 8 0.306000
26 9 0.353000
26 10 0.898000
26 11 0.448000
26 12 0.952000
26 13 0.359000
26 14 0.631000
26 15 0.295000
26 16 0.207000
26 17 0.640000
26 18 0.312000
26 19 0.511000
26 20 0.422000
26 21 0.744000
26 22 0.320000
26 23 0.653000
26 24 0.793000
26 25 0.019000
27 1 0.331000
27 2 0.803000
27 3 0.400000
27 4 0.653000
27 5 0.352000
27 6 0.951000
27 7 0.293000
27 8 0.355000
27 9 0.048000
27 10 0.939000
27 11 0.210000
27 12 0.844000
27 13 0.447000
27 14 0.717000
27 15 0.340000
27 16 0.498000
27 17 0.287000
27 18 0.444000
27 19 0.490000
27 20 0.638000
27 21 0.660000
27 22 0.970000
27 23 0.298000
27 24 0.862000
27 25 0.078000
27 26 0.899000
28 1 0.555000
28 2 0.661000
28 3 0.317000
28 4 0.644000
28 5 0.336000
28 6 0.541000
28 7 0.560000
28 8 0.727000
28 9 0.814000
28 10 0.457000
28 11 0.303000
28 12 0.708000
28 13 0.959000
28 14 0.830000
28 15 0.830000
28 16 0.972000
28 17 0.486000
28 18 0.563000
28 19 0.372000
28 20 0.882000
28 21 0.475000
28 22 0.723000
28 23 0.713000
28 24 0.514000
28 25 0.080000
28 26 0.489000
28 27 0.816000
29 1 0.706000
29 2 0.529000
29 3 0.735000
29 4 0.796000
29 5 0.283000
29 6 0.390000
29 7 0.890000
29 8 0.645000
29 9 0.945000
29 10 0.307000
29 11 0.385000
29 12 0.493000
29 13 0.505000
29 14 0.645000
29 15 0.596000
29 16 0.722000
29 17 0.561000
29 18 0.689000
29 19 0.609000
29 20 0.549000
29 21 0.827000
29 22 0.273000
29 23 0.229000
29 24 0.504000
29 25 0.073000
29 26 0.277000
29 27 0.562000
29 28 0.991000
30 1 0.999000
30 2 0.304000
30 3 0.581000
30 4 0.725000
30 5 0.610000
30 6 0.922000
30 7 0.888000
30 8 0.342000
30 9 0.347000
30 10 0.745000
30 11 0.782000
30 12 0.241000
30 13 0.293000
30 14 0.810000
30 15 0.948000
30 16 0.495000
30 17 0.905000
30 18 0.678000
30 19 0.536000
30 20 0.471000
30 21 0.679000
30 22 0.983000
30 23 0.295000
30 24 0.545000
30 25 0.073000
30 26 0.281000
30 27 0.330000
30 28 0.420000
30 29 0.772000
31 1 0.347000
31 2 0.590000
31 3 0.438000
31 4 0.709000
31 5 0.866000
31 6 0.635000
31 7 0.256000
31 8 0.944000
31 9 0.287000
31 10 0.531000
31 11 0.634000
31 12 0.320000
31 13 0.297000
31 14 0.900000
31 15 0.651000
31 16 0.720000
31 17 0.905000
31 18 0.689000
31 19 0.615000
31 20 0.711000
31 21 0.422000
31 22 0.208000
31 23 0.975000
31 24 0.330000
31 25 0.731000
31 26 0.665000
31 27 0.644000
31 28 0.705000
31 29 0.503000
31 30 0.840000
32 1 0.498000
32 2 0.018000
32 3 0.633000
32 4 0.952000
32 5 0.367000
32 6 0.534000
32 7 0.345000
32 8 0.666000
32 9 0.966000
32 10 0.860000
32 11 0.295000
32 12 0.774000
32 13 0.729000
32 14 0.736000
32 15 0.690000
32 16 0.613000
32 17 0.391000
32 18 0.787000
32 19 0.593000
32 20 0.871000
32 21 0.729000
32 22 0.669000
32 23 0.427000
32 24 0.815000
32 25 0.412000
32 26 0.783000
32 27 0.472000
32 28 0.878000
32 29 0.461000
32 30 0.890000
32 31 0.004000
33 1 0.951000
33 2 0.480000
33 3 0.847000
33 4 0.596000
33 5 0.253000
33 6 0.970000
33 7 0.575000
33 8 0.755000
33 9 0.902000
33 10 0.469000
33 11 0.431000
33 12 0.892000
33 13 0.685000
33 14 0.389000
33 15 0.736000
33 16 0.360000
33 17 0.417000
33 18 0.748000
33 19 0.694000
33 20 0.290000
33 21 0.491000
33 22 0.759000
33 23 0.343000
33 24 0.414000
33 25 0.972000
33 26 0.616000
33 27 0.776000
33 28 0.705000
33 29 0.263000
33 30 0.840000
33 31 0.091000
33 32 0.459000
34 1 0.371000
34 2 0.894000
34 3 0.291000
34 4 0.264000
34 5 0.407000
34 6 0.303000
34 7 0.903000
34 8 0.296000
34 9 0.934000
34 10 0.725000
34 11 0.273000
34 12 0.248000
34 13 0.556000
34 14 0.690000
34 15 0.613000
34 16 0.299000
34 17 0.925000
34 18 0.223000
34 19 0.252000
34 20 0.532000
34 21 0.319000
34 22 0.355000
34 23 0.325000
34 24 0.333000
34 25 0.853000
34 26 0.421000
34 27 0.752000
34 28 0.382000
34 29 0.930000
34 30 0.977000
34 31 0.058000
34 32 0.746000
34 33 0.484000
35 1 0.366000
35 2 0.403000
35 3 0.688000
35 4 0.794000
35 5 0.892000
35 6 0.971000
35 7 0.226000
35 8 0.346000
35 9 0.385000
35 10 0.622000
35 11 0.379000
35 12 0.439000
35 13 0.523000
35 14 0.665000
35 15 0.233000
35 16 0.750000
35 17 0.490000
35 18 0.758000
35 19 0.499000
35 20 0.265000
35 21 0.522000
35 22 0.321000
35 23 0.441000
35 24 0.597000
35 25 0.761000
35 26 0.598000
35 27 0.806000
35 28 0.980000
35 29 0.445000
35 30 0.755000
35 31 0.076000
35 32 0.830000
35 33 0.274000
35 34 0.891000
36 1 0.927000
36 2 0.894000
36 3 0.538000
36 4 0.941000
36 5 0.378000
36 6 0.364000
36 7 0.675000
36 8 0.938000
36 9 0.967000
36 10 0.386000
36 11 0.269000
36 12 0.539000
36 13 0.384000
36 14 0.576000
36 15 0.589000
36 16 0.933000
36 17 0.414000
36 18 0.405000
36 19 0.887000
36 20 0.287000
36 21 0.807000
36 22 0.579000
36 23 0.258000
36 24 0.339000
36 25 0.476000
36 26 0.467000
36 27 0.436000
36 28 0.237000
36 29 0.545000
36 30 0.784000
36 31 0.032000
36 32 0.561000
36 33 0.576000
36 34 0.304000
36 35 0.943000
37 1 0.256000
37 2 0.613000
37 3 0.844000
37 4 0.727000
37 5 0.687000
37 6 0.845000
37 7 0.316000
37 8 0.740000
37 9 0.469000
37 10 0.816000
37 11 0.905000
37 12 0.410000
37 13 0.640000
37 14 0.425000
37 15 0.343000
37 16 0.436000
37 17 0.437000
37 18 0.689000
37 19 0.714000
37 20 0.761000
37 21 0.423000
37 22 0.438000
37 23 0.895000
37 24 0.288000
37 25 0.454000
37 26 0.726000
37 27 0.260000
37 28 0.619000
37 29 0.288000
37 30 0.653000
37 31 0.046000
37 32 0.314000
37 33 0.504000
37 34 0.689000
37 35 0.535000
37 36 0.457000
38 1 0.707000
38 2 0.764000
38 3 0.823000
38 4 0.404000
38 5 0.646000
38 6 0.800000
38 7 0.278000
38 8 0.604000
38 9 0.718000
38 10 0.366000
38 11 0.210000
38 12 0.978000
38 13 0.925000
38 14 0.321000
38 15 0.993000
38 16 0.800000
38 17 0.946000
38 18 0.478000
38 19 0.237000
38 20 0.611000
38 21 0.943000
38 22 0.933000
38 23 0.780000
38 24 0.231000
38 25 0.722000
38 26 0.438000
38 27 0.546000
38 28 0.689000
38 29 0.658000
38 30 0.758000
38 31 0.084000
38 32 0.630000
38 33 0.882000
38 34 0.550000
38 35 0.919000
38 36 0.292000
38 37 0.320000
39 1 0.596000
39 2 0.914000
39 3 0.531000
39 4 0.612000
39 5 0.543000
39 6 0.758000
39 7 0.545000
39 8 0.653000
39 9 0.647000
39 10 0.330000
39 11 0.403000
39 12 0.602000
39 13 0.371000
39 14 0.299000
39 15 0.263000
39 16 0.454000
39 17 0.999000
39 18 0.395000
39 19 0.553000
39 20 0.245000
39 21 0.831000
39 22 0.829000
39 23 0.906000
39 24 0.871000
39 25 0.486000
39 26 0.304000
39 27 0.426000
39 28 0.736000
39 29 0.566000
39 30 0.949000
39 31 0.044000
39 32 0.590000
39 33 0.518000
39 34 0.301000
39 35 0.790000
39 36 0.885000
39 37 0.847000
39 38 0.751000
40 1 0.916000
40 2 0.929000
40 3 0.981000
40 4 0.964000
40 5 0.955000
40 6 0.969000
40 7 0.940000
40 8 0.961000
40 9 0.932000
40 10 0.914000
40 11 0.985000
40 12 0.955000
40 13 0.951000
40 14 0.958000
40 15 0.950000
40 16 0.921000
40 17 0.914000
40 18 0.968000
40 19 0.934000
40 20 0.925000
40 21 0.928000
40 22 0.942000
40 23 0.969000
40 24 0.992000
40 25 0.970000
40 26 0.927000
40 27 0.953000
40 28 0.964000
40 29 0.963000
40 30 0.989000
40 31 0.075500
40 32 0.985000
40 33 0.915000
40 34 0.953000
40 35 0.965000
40 36 0.912000
40 37 0.956000
40 38 0.919000
40 39 0.971000
41 1 0.982000
41 2 0.910000
41 3 0.993000
41 4 0.900000
41 5 0.926000
41 6 0.933000
41 7 0.084000
41 8 0.965000
41 9 0.956000
41 10 0.908000
41 11 0.996000
41 12 0.927000
41 13 0.952000
41 14 0.936000
41 15 0.981000
41 16 0.954000
41 17 0.976000
41 18 0.948000
41 19 0.940000
41 20 0.909000
41 21 0.923000
41 22 0.955000
41 23 0.919000
41 24 0.998000
41 25 0.992000
41 26 0.959000
41 27 0.906000
41 28 0.966000
41 29 0.938000
41 30 0.907000
41 31 0.947000
41 32 0.969000
41 33 0.906000
41 34 0.953000
41 35 0.942000
41 36 0.903000
41 37 0.911000
41 38 0.964000
41 39 0.995000
41 40 0.950000
42 1 0.930000
42 2 0.996000
42 3 0.984000
42 4 0.912000
42 5 0.906000
42 6 0.967000
42 7 0.984000
42 8 0.980000
42 9 0.953000
42 10 0.966000
42 11 0.992000
42 12 0.970000
42 13 0.940000
42 14 0.955000
42 15 0.998000
42 16 0.963000
42 17 0.969000
42 18 0.946000
42 19 0.921000
42 20 0.935000
42 21 0.999000
42 22 0.988000
42 23 0.961000
42 24 0.918000
42 25 0.937000
42 26 0.997000
42 27 0.964000
42 28 0.987000
42 29 0.929000
42 30 0.951000
42 31 0.067000
42 32 0.907000
42 33 0.911000
42 34 0.944000
42 35 0.958000
42 36 0.947000
42 37 0.924000
42 38 0.915000
42 39 0.937000
42 40 0.947000
42 41 0.940000
43 1 0.909000
43 2 0.909000
43 3 0.964000
43 4 0.969000
43 5 0.909000
43 6 0.953000
43 7 0.918000
43 8 0.955000
43 9 0.916000
43 10 0.987000
43 11 0.905000
43 12 0.921000
43 13 0.906000
43 14 0.964000
43 15 0.922000
43 16 0.945000
43 17 0.905000
43 18 0.981000
43 19 0.970000
43 20 0.995000
43 21 0.915000
43 22 0.997000
43 23 0.950000
43 24 0.979000
43 25 0.079000
43 26 0.938000
43 27 0.906000
43 28 0.931000
43 29 0.995000
43 30 0.933000
43 31 0.933000
43 32 0.912000
43 33 0.940000
43 34 0.970000
43 35 0.911000
43 36 0.974000
43 37 0.965000
43 38 0.905000
43 39 0.981000
43 40 0.932000
43 41 0.925000
43 42 0.925000
44 1 0.956000
44 2 0.932000
44 3 0.920000
44 4 0.928000
44 5 0.993000
44 6 0.927000
44 7 0.921000
44 8 0.941000
44 9 0.966000
44 10 0.941000
44 11 0.985000
44 12 0.953000
44 13 0.904000
44 14 0.978000
44 15 0.954000
44 16 0.063500
44 17 0.990000
44 18 0.922000
44 19 0.964000
44 20 0.907000
44 21 0.980000
44 22 0.994000
44 23 0.992000
44 24 0.926000
44 25 0.953000
44 26 0.985000
44 27 0.991000
44 28 0.947000
44 29 0.949000
44 30 0.987000
44 31 0.910000
44 32 0.936000
44 33 0.985000
44 34 0.987000
44 35 0.912000
44 36 0.986000
44 37 0.953000
44 38 0.987000
44 39 0.909000
44 40 0.900000
44 41 0.903000
44 42 0.995000
44 43 0.981000
45 1 0.935000
45 2 0.987000
45 3 0.960000
45 4 0.952000
45 5 0.984000
45 6 0.968000
45 7 0.917000
45 8 0.962000
45 9 0.970000
45 10 0.951000
45 11 0.984000
45 12 0.962000
45 13 0.927000
45 14 0.967000
45 15 0.935000
45 16 0.905000
45 17 0.917000
45 18 0.973000
45 19 0.912000
45 20 0.974000
45 21 0.923000
45 22 0.978000
45 23 0.920000
45 24 0.985000
45 25 0.094000
45 26 0.941000
45 27 0.901000
45 28 0.964000
45 29 0.912000
45 30 0.946000
45 31 0.999000
45 32 0.933000
45 33 0.979000
45 34 0.989000
45 35 0.913000
45 36 0.951000
45 37 0.905000
45 38 0.977000
45 39 0.909000
45 40 0.988000
45 41 0.971000
45 42 0.905000
45 43 0.942000
45 44 0.977000
46 1 0.907000
46 2 0.949000
46 3 0.959000
46 4 0.952000
46 5 0.928000
46 6 0.971000
46 7 0.092500
46 8 0.922000
46 9 0.923000
46 10 0.969000
46 11 0.946000
46 12 0.980000
46 13 0.983000
46 14 0.936000
46 15 0.962000
46 16 0.903000
46 17 0.992000
46 18 0.994000
46 19 0.908000
46 20 0.931000
46 21 0.954000
46 22 0.939000
46 23 0.925000
46 24 0.923000
46 25 0.970000
46 26 0.987000
46 27 0.969000
46 28 0.942000
46 29 0.945000
46 30 0.909000
46 31 0.921000
46 32 0.957000
46 33 0.916000
46 34 0.915000
46 35 0.937000
46 36 0.999000
46 37 0.910000
46 38 0.921000
46 39 0.970000
46 40 0.920000
46 41 0.900000
46 42 0.979000
46 43 0.910000
46 44 0.949000
46 45 0.947000
47 1 0.961000
47 2 0.975000
47 3 0.973000
47 4 0.905000
47 5 0.902000
47 6 0.946000
47 7 0.984000
47 8 0.994000
47 9 0.909000
47 10 0.966000
47 11 0.990000
47 12 0.953000
47 13 0.914000
47 14 0.930000
47 15 0.953000
47 16 0.962000
47 17 0.905000
47 18 0.964000
47 19 0.942000
47 20 0.910000
47 21 0.953000
47 22 0.992000
47 23 0.904000
47 24 0.950000
47 25 0.077000
47 26 0.933000
47 27 0.984000
47 28 0.937000
47 29 0.988000
47 30 0.953000
47 31 0.908000
47 32 0.952000
47 33 0.914000
47 34 0.936000
47 35 0.990000
47 36 0.979000
47 37 0.947000
47 38 0.919000
47 39 0.950000
47 40 0.915000
47 41 0.922000
47 42 0.905000
47 43 0.987000
47 44 0.921000
47 45 0.912000
47 46 0.993000
48 1 0.927000
48 2 0.996000
48 3 0.974000
48 4 0.902000
48 5 0.970000
48 6 0.928000
48 7 0.944000
48 8 0.967000
48 9 0.939000
48 10 0.918000
48 11 0.995000
48 12 0.992000
48 13 0.916000
48 14 0.910000
48 15 0.924000
48 16 0.986000
48 17 0.957000
48 18 0.914000
48 19 0.932000
48 20 0.958000
48 21 0.948000
48 22 0.999000
48 23 0.938000
48 24 0.994000
48 25 0.983000
48 26 0.957000
48 27 0.963000
48 28 0.992000
48 29 0.989000
48 30 0.911000
48 31 0.083500
48 32 0.992000
48 33 0.937000
48 34 0.954000
48 35 0.943000
48 36 0.926000
48 37 0.934000
48 38 0.974000
48 39 0.988000
48 40 0.955000
48 41 0.976000
48 42 0.957000
48 43 0.989000
48 44 0.960000
48 45 0.911000
48 46 0.909000
48 47 0.991000
49 1 0.976000
49 2 0.905000
49 3 0.930000
49 4 0.904000
49 5 0.985000
49 6 0.908000
49 7 0.911000
49 8 0.958000
49 9 0.940000
49 10 0.956000
49 11 0.927000
49 12 0.922000
49 13 0.937000
49 14 0.931000
49 15 0.909000
49 16 0.978000
49 17 0.995000
49 18 0.998000
49 19 0.912000
49 20 0.942000
49 21 0.911000
49 22 0.940000
49 23 0.995000
49 24 0.991000
49 25 0.078000
49 26 0.996000
49 27 0.976000
49 28 0.958000
49 29 0.958000
49 30 0.921000
49 31 0.943000
49 32 0.900000
49 33 0.907000
49 34 0.953000
49 35 0.910000
49 36 0.912000
49 37 0.980000
49 38 0.909000
49 39 0.925000
49 40 0.974000
49 41 0.993000
49 42 0.969000
49 43 0.942000
49 44 0.998000
49 45 0.920000
49 46 0.979000
49 47 0.943000
49 48 0.911000
50 1 0.913000
50 2 0.980000
50 3 0.962000
50 4 0.911000
50 5 0.906000
50 6 0.935000
50 7 0.954000
50 8 0.946000
50 9 0.949000
50 10 0.926000
50 11 0.974000
50 12 0.961000
50 13 0.920000
50 14 0.944000
50 15 0.990000
50 16 0.972000
50 17 0.973000
50 18 0.985000
50 19 0.904000
50 20 0.939000
50 21 0.926000
50 22 0.933000
50 23 0.907000
50 24 0.925000
50 25 0.095000
50 26 0.983000
50 27 0.956000
50 28 0.919000
50 29 0.991000
50 30 0.959000
50 31 0.949000
50 32 0.993000
50 33 0.914000
50 34 0.954000
50 35 0.952000
50 36 0.902000
50 37 0.925000
50 38 0.974000
50 39 0.930000
50 40 0.959000
50 41 0.950000
50 42 0.921000
50 43 0.936000
50 44 0.973000
50 45 0.966000
50 46 0.918000
50 47 0.903000
50 48 0.954000
50 49 0.963000
