 1 
 100 
 .0320350 .9035221 
 .6369799 .8608821 
 .3088908 .3757713 
 .9732127 .9611231 
 .8874779 .6968806 
 .9026566 .9988072 
 .4085736 .1727914 
 .4612193 .6744004 
 .6931850 .3300558 
 .7470679 .7584614 
 .0747908 .1461704 
 .8127082 .8341521 
 .4107867 .7283322 
 .4312456 .7724040 
 .6145421 .6969393 
 .3338921 .2735263 
 .7919263 .6503541 
 .7854513 .5829191 
 .6609053 .6136454 
 .0743693 .4516472 
 .1024983 .3570130 
 .5853825 .7094566 
 .3461904 .3976516 
 .7247402 .5304186 
 .0304546 .2977181 
 .3968268 .6192885 
 .4845276 .9040976 
 .4906664 .0869043 
 .0236372 .2436157 
 .6166703 .6100511 
 .4966773 .1284801 
 .0169841 .4172210 
 .1205042 .8168548 
 .2233215 .4761187 
 .8137556 .4258382 
 .9081336 .6886547 
 .5280214 .7595256 
 .9097681 .5690399 
 .8754777 .7815639 
 .2388277 .3724966 
 .7673987 .5554317 
 .8076416 .4755464 
 .5924236 .9598859 
 .6715354 .4408763 
 .1497553 .1623846 
 .9208184 .0249269 
 .2707415 .4381088 
 .3950136 .7366480 
 .6602057 .6322436 
 .6722463 .7008384 
 .5016066 .9917201 
 .0707780 .7261688 
 .0202640 .2904536 
 .6278365 .7709110 
 .3966620 .6275076 
 .3220582 .5205911 
 .7648693 .9163647 
 .4964224 .5607800 
 .8045723 .2688633 
 .0224387 .6020678 
 .6117433 .0101493 
 .9149388 .2874634 
 .7727295 .1794787 
 .7390453 .1170547 
 .2171961 .7516633 
 .3131340 .7302838 
 .5220545 .5686694 
 .1577904 .8996739 
 .6039011 .6511293 
 .3122828 .7558118 
 .5817446 .1535974 
 .1658497 .5638822 
 .1125706 .1610514 
 .6475228 .3265946 
 .4847249 .6606913 
 .4891949 .0539716 
 .6708642 .6633011 
 .5135963 .1117091 
 .5534657 .3305944 
 .3806688 .9687104 
 .4892732 .2648470 
 .5189334 .1804646 
 .8097359 .4480045 
 .8267400 .7752116 
 .9851271 .7301304 
 .0931684 .4988593 
 .9207671 .7497973 
 .0887347 .7044008 
 .8022770 .6476217 
 .2283400 .0616747 
 .3482116 .2718599 
 .1169965 .6707336 
 .2354155 .5726225 
 .8441790 .4813776 
 .4951810 .7770890 
 .4740838 .9845964 
 .1843984 .4079101 
 .8530468 .7182759 
 .6505607 .3640420 
 .8757685 .9266027 
