 1 
 100 
 .9553424 .6783531 
 .1602406 .3746579 
 .9087002 .1877594 
 .3062574 .4287821 
 .7916758 .6251557 
 .3705407 .5889273 
 .9964869 .4313076 
 .8867134 .1584361 
 .9597285 .1899230 
 .8820292 .0540236 
 .0687149 .7486245 
 .2738096 .2262210 
 .5298517 .9782675 
 .3333679 .0477038 
 .0365710 .3562789 
 .3377062 .5407937 
 .6854650 .1872108 
 .0308765 .6005371 
 .8729593 .7837878 
 .2164962 .5081432 
 .4588345 .2501635 
 .0169117 .0407505 
 .5923010 .9991669 
 .5668219 .3245079 
 .2337920 .5978003 
 .8512013 .1433418 
 .2313431 .2084193 
 .9280205 .5375609 
 .1720119 .4526752 
 .9619454 .9741569 
 .1614240 .0847003 
 .5898136 .8513286 
 .9108671 .9699565 
 .5836528 .2579131 
 .4415432 .5149274 
 .2012111 .3260862 
 .4472944 .3061889 
 .8338355 .7124273 
 .6754954 .1586339 
 .5809581 .1752574 
 .0635017 .3425253 
 .3908427 .2795920 
 .9652291 .1958984 
 .7875056 .2871256 
 .4667617 .8083976 
 .5202706 .5469220 
 .0565007 .5982122 
 .4791472 .3999457 
 .0069364 .4461319 
 .8575397 .8917769 
 .6517994 .0881779 
 .9426164 .5348261 
 .9017877 .6265399 
 .3893905 .9936439 
 .1194241 .6609637 
 .8910968 .8415330 
 .8415340 .4700535 
 .4872015 .3481491 
 .4565017 .1224706 
 .2302535 .4381487 
 .1605186 .0474995 
 .6301908 .2797456 
 .3676394 .5561990 
 .4635511 .1262991 
 .9552626 .6291402 
 .6167206 .6883060 
 .6998134 .9628324 
 .2557780 .0394436 
 .0945805 .2201421 
 .5970773 .3781331 
 .2279990 .5235905 
 .8963553 .3325062 
 .0088450 .7651604 
 .1712575 .3061778 
 .9149568 .0204297 
 .0016629 .9469026 
 .4618895 .4242627 
 .0804471 .4495393 
 .2724938 .9032060 
 .7682728 .2858052 
 .2004492 .2169444 
 .6810363 .2306020 
 .3304237 .3259418 
 .4366356 .3102631 
 .4424408 .1005193 
 .4251686 .5514434 
 .9733614 .1813729 
 .3474217 .1175814 
 .6067946 .1937023 
 .9819796 .4774320 
 .0343853 .7449806 
 .0703768 .4891394 
 .5039514 .3757286 
 .4188378 .4732115 
 .5385163 .9967473 
 .5582048 .1956148 
 .3975498 .8858904 
 .0220543 .8325527 
 .8678612 .0209030 
 .1256508 .0233557 
