 1 
 100 
 .4281513 .1005392 
 .6169051 .2106896 
 .9035273 .6336672 
 .9565580 .8791816 
 .3658684 .8164822 
 .0892132 .2505314 
 .5630102 .0437056 
 .8629269 .0040435 
 .9030633 .5478366 
 .4526560 .9801357 
 .0218981 .5511152 
 .7680719 .4952742 
 .2564268 .7217500 
 .2702404 .4755567 
 .5810043 .3508614 
 .1461314 .1257555 
 .5845493 .9181310 
 .0522633 .8925783 
 .6494994 .0513824 
 .8647589 .9542464 
 .9881112 .9840271 
 .1290795 .1427624 
 .6320659 .5877755 
 .4426443 .7874672 
 .5804807 .4570136 
 .2688086 .1032077 
 .4994374 .3340681 
 .3002026 .0156764 
 .7306487 .8170005 
 .2796038 .2397793 
 .6930780 .6468741 
 .1512580 .4612667 
 .5218345 .2303988 
 .7462624 .0118520 
 .1436661 .1547661 
 .2812062 .8056891 
 .7855052 .4701176 
 .3361155 .7898895 
 .6869508 .0647262 
 .4297949 .9607925 
 .7619541 .5893949 
 .7692887 .2554652 
 .0394575 .5890684 
 .3443180 .4264492 
 .5049945 .6969964 
 .5835839 .3666094 
 .7504242 .3032586 
 .7916763 .2271187 
 .5897260 .8258480 
 .2343865 .9596497 
 .1752562 .8270862 
 .9154127 .4457811 
 .4987416 .4066975 
 .8551596 .9219944 
 .5196939 .6786771 
 .2964859 .6744544 
 .2535475 .2529355 
 .1642445 .6085862 
 .3827944 .4828642 
 .9242051 .8762915 
 .4243736 .2322321 
 .5388385 .7880389 
 .9807335 .9224672 
 .5064015 .2050320 
 .5929608 .9451828 
 .1871838 .8927475 
 .3623412 .9030617 
 .1455702 .2533680 
 .6593150 .7506817 
 .6351514 .7105468 
 .4311901 .3588499 
 .3803725 .0025609 
 .0748271 .3722791 
 .4035635 .8937702 
 .4679623 .9592771 
 .9395446 .4214308 
 .1505606 .0893036 
 .7877544 .7748480 
 .1007263 .6830679 
 .2779144 .2136197 
 .0309181 .1610672 
 .0610237 .9658590 
 .2996632 .8083892 
 .0618849 .6378102 
 .7393029 .6519983 
 .2087941 .0827356 
 .9766845 .3248764 
 .2443993 .6263640 
 .8937973 .2200815 
 .4604421 .6731006 
 .1492938 .1052917 
 .2170580 .6036266 
 .2572874 .7005128 
 .4209237 .0399984 
 .3819489 .3816144 
 .7497148 .4559222 
 .2278682 .4610107 
 .5144781 .1420595 
 .3470865 .1523946 
 .0255370 .0310480 
