 1 
 100 
 .9142309 .8178972 
 .8716851 .5568321 
 .3741774 .0909635 
 .2766093 .5364299 
 .7198956 .5480020 
 .1952074 .4251803 
 .0935241 .1293908 
 .9997430 .5146563 
 .1971563 .1553647 
 .8100063 .3626231 
 .7215671 .1882381 
 .1257504 .8087096 
 .0501298 .7876558 
 .6247631 .4508197 
 .8870136 .4291732 
 .6870788 .0291672 
 .8291252 .6944331 
 .2049960 .0392839 
 .0145590 .7883046 
 .9435345 .0371491 
 .8091875 .2953597 
 .8181583 .4032553 
 .6976344 .0932669 
 .8348989 .6299856 
 .4728621 .1698569 
 .1588542 .2576686 
 .5051467 .8570526 
 .0943154 .1161238 
 .0389528 .2493223 
 .1148915 .1749503 
 .5253155 .3051087 
 .1038666 .6492706 
 .0454535 .7625706 
 .4700449 .5676546 
 .7036103 .3992478 
 .7964211 .2425468 
 .9362358 .6296886 
 .3495589 .3852287 
 .1607030 .7039558 
 .5054814 .3092109 
 .9174869 .0190262 
 .4995793 .0374823 
 .1802550 .8977064 
 .6374237 .3772909 
 .0412920 .6765747 
 .1518534 .2956154 
 .4352631 .5639286 
 .3881748 .3012447 
 .5401679 .4065187 
 .2601998 .0349397 
 .2755976 .6032997 
 .4490289 .8445500 
 .8777558 .7262758 
 .3054021 .6717107 
 .5282700 .1910711 
 .7439620 .9329066 
 .7972904 .2388710 
 .6503389 .0097691 
 .2658743 .6601642 
 .7134593 .1785151 
 .8408670 .6600238 
 .5873163 .9509711 
 .3775533 .0228039 
 .5075257 .4516764 
 .3789364 .7068568 
 .7547291 .1366677 
 .5307463 .0504913 
 .6732072 .3267394 
 .1308616 .1996678 
 .5103291 .0757753 
 .2408806 .9141447 
 .5196065 .1552042 
 .4737782 .7477339 
 .1335378 .6782608 
 .2700778 .3432725 
 .3160316 .3195684 
 .5284051 .2846544 
 .3893965 .3511465 
 .4548489 .0950713 
 .8265750 .8972890 
 .0768602 .4882638 
 .0219023 .9274189 
 .3166609 .2313739 
 .4070738 .5150088 
 .8089404 .7646813 
 .1546358 .6865097 
 .4381623 .2834027 
 .9880603 .5989822 
 .2097328 .9955936 
 .3617412 .5882970 
 .5917630 .8413170 
 .7399675 .5284122 
 .5928281 .6423993 
 .3324777 .5808558 
 .9861678 .4375719 
 .0645101 .3741950 
 .3498166 .0703727 
 .5877151 .4554688 
 .7503714 .8001385 
 .7788183 .9563485 
