 1 
 100 
 .1811664 .3865192 
 .2943430 .0667935 
 .3830796 .2834294 
 .3055463 .2164093 
 .1049368 .7252942 
 .3327418 .5067355 
 .3129737 .2421695 
 .6373325 .5542584 
 .4727142 .5483298 
 .6443175 .9785239 
 .3490257 .1557940 
 .4218815 .2496089 
 .5082743 .0318117 
 .5689753 .9957289 
 .9020445 .8763014 
 .4704666 .9490959 
 .6763103 .4112341 
 .6828067 .5489170 
 .8963458 .5693865 
 .4488850 .3363426 
 .0537011 .8205556 
 .5752622 .9367751 
 .5624101 .6924913 
 .8921655 .8372538 
 .1798793 .8822597 
 .1979218 .4751817 
 .3138020 .6997739 
 .0937922 .4414782 
 .0976021 .8646025 
 .7588623 .8858639 
 .2184854 .2531680 
 .0016456 .4514414 
 .7368353 .8668656 
 .5467777 .1545551 
 .2035710 .3007423 
 .3505197 .3961320 
 .6108661 .0129579 
 .8541625 .5118530 
 .1364410 .8405938 
 .7337298 .6476038 
 .9851678 .0282466 
 .3290273 .9282562 
 .3041012 .5205462 
 .1639825 .4539404 
 .2459445 .8440255 
 .6197703 .1281417 
 .5665183 .4309515 
 .8963338 .1532085 
 .1366919 .0185608 
 .0879839 .6157231 
 .5886041 .5299263 
 .8837195 .2587063 
 .8475132 .7831873 
 .6491341 .5693152 
 .0594169 .0973861 
 .2081978 .9065975 
 .6333407 .4164562 
 .4612060 .6985076 
 .6860558 .4462693 
 .1786993 .8327996 
 .7036133 .4188706 
 .2165621 .2721339 
 .0036286 .8263771 
 .5087368 .5967785 
 .5673731 .6052719 
 .2024211 .5132038 
 .6715833 .0382853 
 .0851836 .1956828 
 .8341450 .7514762 
 .0805177 .4202446 
 .9305947 .7318147 
 .3118847 .5130299 
 .6623728 .8262867 
 .4966609 .8127847 
 .2731104 .6955785 
 .8595216 .2219403 
 .6135906 .1095423 
 .1660652 .0119863 
 .1345593 .6511578 
 .8758083 .8136963 
 .6119135 .6413926 
 .9904854 .0557219 
 .5411385 .1474844 
 .3077515 .3481828 
 .0248404 .4675207 
 .0483405 .7106671 
 .1539961 .1080454 
 .9603648 .3235480 
 .5727645 .0395670 
 .9591701 .7822632 
 .0285369 .4155505 
 .2638831 .7382057 
 .8409972 .8995386 
 .1589225 .3366872 
 .6614815 .6257393 
 .4441787 .9690795 
 .6095132 .4215183 
 .0327297 .4372442 
 .5272183 .4840337 
 .8887378 .5157721 
