 5 
 500 
 .7106226 .7634604 
 .1298537 .5645374 
 .1508574 .1264247 
 .0885332 .9393011 
 .2197383 .5823444 
 .6182096 .6294067 
 .5811550 .3987283 
 .4984280 .0961435 
 .0520631 .1145417 
 .1301770 .7562068 
 .0398921 .0183056 
 .6759246 .3774710 
 .9626893 .9254459 
 .4718057 .2206162 
 .8388989 .7537997 
 .6679429 .5115215 
 .6768072 .3713615 
 .2302653 .1808567 
 .3469219 .7355929 
 .2500715 .1995897 
 .8815568 .3847125 
 .2723686 .2917228 
 .8998119 .2416047 
 .5746152 .2754898 
 .0756400 .2511218 
 .6953099 .6660413 
 .9119179 .8298803 
 .9058035 .2983280 
 .9020610 .1399585 
 .8051763 .3680108 
 .4878828 .9174563 
 .0509262 .1477946 
 .7807666 .5444799 
 .8589529 .3611503 
 .2129383 .2370224 
 .9438166 .3669738 
 .2243649 .0572293 
 .8408940 .4468666 
 .5537098 .8099303 
 .0597592 .0484466 
 .1615084 .0508777 
 .4542916 .2179346 
 .4304407 .1561280 
 .9385558 .9852435 
 .9089316 .8542333 
 .7948266 .4144615 
 .0254580 .4186344 
 .0651389 .6089874 
 .1245406 .9076699 
 .8318472 .3081907 
 .7716037 .9121969 
 .7047792 .9133458 
 .1403601 .1517600 
 .8590712 .8542810 
 .7182638 .3128060 
 .0125889 .1116941 
 .5155449 .5474262 
 .4863702 .3379777 
 .1015336 .2867743 
 .8346789 .2036722 
 .4660750 .1454598 
 .5294447 .1068743 
 .9489624 .8151160 
 .0909847 .9260990 
 .0191544 .5177821 
 .3143595 .7177436 
 .9282303 .8009970 
 .4774331 .7394892 
 .3067442 .6323600 
 .4490627 .4401997 
 .4030115 .7550527 
 .4477744 .5521989 
 .3540636 .3982139 
 .0241688 .5477331 
 .7881889 .4354082 
 .0330659 .8100082 
 .0353006 .1264920 
 .4904426 .1899404 
 .8004886 .2762599 
 .0294448 .3797285 
 .5601800 .0481119 
 .1205762 .8780555 
 .0795101 .2709141 
 .4324874 .3312065 
 .9214418 .7980049 
 .9980084 .7291663 
 .9080340 .6822065 
 .7191057 .2728734 
 .1746910 .4205280 
 .8856918 .6027843 
 .3893957 .5352586 
 .6755912 .3217757 
 .2384837 .9701405 
 .1128694 .1267163 
 .4436177 .3045596 
 .9430690 .0897975 
 .0939228 .1759722 
 .7780778 .3474659 
 .3629043 .5393899 
 .2992839 .2435723 
 .8294424 .9084445 
 .1017511 .3536769 
 .4210020 .3786389 
 .9182964 .2463598 
 .9178644 .3306321 
 .6719570 .7094109 
 .1598412 .9880955 
 .4473201 .8159444 
 .4292200 .6365893 
 .6119495 .8973304 
 .4807776 .9103257 
 .7125918 .4333959 
 .5742331 .1733923 
 .3583835 .2101443 
 .5466583 .1492794 
 .2138200 .9133113 
 .0397684 .5131826 
 .7741875 .6419497 
 .7548463 .5188019 
 .2894124 .5969390 
 .0189561 .6860267 
 .7302523 .3193882 
 .6702388 .3662564 
 .9323435 .1553695 
 .6551069 .3039381 
 .0752455 .8758137 
 .8112263 .2394941 
 .7091741 .2907545 
 .8099426 .7009405 
 .0730205 .9099531 
 .5604413 .3974403 
 .0823957 .7993009 
 .6330682 .4835815 
 .9222433 .2838179 
 .2260542 .2715980 
 .6589259 .5105654 
 .3510226 .0308352 
 .8830177 .5029122 
 .4082794 .0677977 
 .4852387 .5433577 
 .0106480 .5018690 
 .8204464 .7850563 
 .3296604 .6545577 
 .4822688 .1193410 
 .6029260 .8046730 
 .6352184 .6624343 
 .6666105 .7164467 
 .4608862 .8511995 
 .0598333 .7480911 
 .0864740 .0747485 
 .6735901 .8578753 
 .8813935 .9730256 
 .0581784 .2443147 
 .9223522 .8996493 
 .0202092 .9247710 
 .6181534 .4063573 
 .3807837 .9484386 
 .0187808 .7298880 
 .7654485 .2686250 
 .4631124 .8560818 
 .7767873 .1162066 
 .3872281 .4449223 
 .2721013 .0094282 
 .9496396 .3061992 
 .8292417 .7306041 
 .4472906 .7379856 
 .6184414 .5610479 
 .3007605 .3362227 
 .2795951 .0924913 
 .8701452 .2479110 
 .1930315 .7646246 
 .9035164 .6047735 
 .5750464 .0899953 
 .5840546 .3082845 
 .6624896 .9326019 
 .6838409 .6477090 
 .0961718 .2559170 
 .1932670 .5647809 
 .3809417 .9380333 
 .1039988 .8139037 
 .5886255 .4919348 
 .0968100 .8248195 
 .5637895 .1908408 
 .2272892 .7125855 
 .7641255 .9829213 
 .0038338 .4919540 
 .1773338 .9247296 
 .3923720 .9719095 
 .8523409 .3442206 
 .3273146 .8006986 
 .4996964 .6754997 
 .5122316 .4092319 
 .0767021 .4392626 
 .0980874 .8057657 
 .6873919 .1635188 
 .8604498 .8893314 
 .5935633 .5744239 
 .5763307 .6929795 
 .4358054 .0001597 
 .4301130 .1976028 
 .3755524 .9225768 
 .6477843 .4674047 
 .9507402 .7200317 
 .5483404 .1810309 
 .8363494 .0462968 
 .3771361 .4375162 
 .9521038 .5978678 
 .4020686 .2105333 
 .6855397 .2862318 
 .7511714 .1525114 
 .3097092 .5409631 
 .4783931 .6940433 
 .5685985 .5496680 
 .6794334 .5631530 
 .1650713 .0550869 
 .6454148 .9204824 
 .4884630 .6788564 
 .7302995 .1648091 
 .0219885 .8638271 
 .6972024 .9405571 
 .8215620 .0981985 
 .8655364 .7446373 
 .2926024 .2183512 
 .6591344 .4910920 
 .9325721 .8339173 
 .5965501 .0931440 
 .1645374 .2666056 
 .9975423 .1453958 
 .9585818 .2693741 
 .5207062 .6536292 
 .4086257 .0580008 
 .1002308 .9229353 
 .2747476 .1437209 
 .1062499 .5713077 
 .8756321 .8416642 
 .9921095 .5173761 
 .4699320 .3211098 
 .8795126 .9671818 
 .9342964 .2733728 
 .2228261 .1028287 
 .3522234 .7522134 
 .8282479 .5000184 
 .9819213 .9783103 
 .2109457 .3539187 
 .5706392 .8193391 
 .8700959 .3930669 
 .4126347 .6238211 
 .0518791 .8660848 
 .8807236 .9009543 
 .6453310 .0904351 
 .0573674 .2383698 
 .8944187 .5882853 
 .8981561 .5109664 
 .6782047 .5713212 
 .1134878 .9699418 
 .4633965 .1810781 
 .3758917 .7626397 
 .1113519 .0885803 
 .9609468 .8091548 
 .1536340 .3888183 
 .6067642 .1765542 
 .7528831 .7113888 
 .0156879 .0093791 
 .3430138 .5655012 
 .4948848 .9965490 
 .0859451 .5400452 
 .8999859 .0182005 
 .1701529 .4195567 
 .1555794 .1971224 
 .1756841 .8242340 
 .7132840 .6915855 
 .9948203 .8436853 
 .5950100 .2602897 
 .0687061 .4543540 
 .0660054 .3941438 
 .1068930 .3716049 
 .0870363 .5694342 
 .3152828 .4087997 
 .7927193 .2959127 
 .9723031 .3543601 
 .3062753 .9122172 
 .6547079 .7283605 
 .8899512 .7581192 
 .4020850 .3746273 
 .0927262 .1041423 
 .6893659 .4521871 
 .2278319 .1574073 
 .5032855 .7182279 
 .9147330 .1389030 
 .5332309 .6880540 
 .9636835 .8300485 
 .1181608 .8978461 
 .6634633 .5411726 
 .9556701 .6029301 
 .3395528 .0246865 
 .6807338 .2747275 
 .3534882 .7420263 
 .4515805 .6081472 
 .6746015 .8341963 
 .0174487 .7499149 
 .6204549 .3167182 
 .9540477 .3767418 
 .8671757 .0342693 
 .5913094 .2973623 
 .5982487 .8190648 
 .5658675 .5688232 
 .6002776 .5883701 
 .0365503 .7870448 
 .8244493 .7162205 
 .7214308 .2541050 
 .6980739 .2857371 
 .5535392 .0969681 
 .2642904 .5721595 
 .6006263 .0090151 
 .7099763 .5611360 
 .8312732 .9387580 
 .3597384 .1477113 
 .4015724 .5290849 
 .8027406 .0021001 
 .6374801 .1222954 
 .2017146 .4795280 
 .2391468 .3355944 
 .4199334 .3814288 
 .0639968 .1606418 
 .4898874 .2698914 
 .9714369 .7687368 
 .9220249 .2597430 
 .6377532 .1672804 
 .8858706 .0638018 
 .1663927 .9478420 
 .5492689 .2849280 
 .1053430 .9234816 
 .6820693 .7093197 
 .7061164 .7424845 
 .5534413 .2723268 
 .6718220 .7943816 
 .3998196 .4916623 
 .1863842 .0365780 
 .2234108 .9815777 
 .8220303 .8481438 
 .9968773 .1010905 
 .3041473 .6808446 
 .7834259 .2130196 
 .5753892 .0833550 
 .8057144 .2391508 
 .8359178 .5173240 
 .7719032 .4286233 
 .1227830 .0955876 
 .1404904 .1873697 
 .5951024 .7228715 
 .5124150 .5594334 
 .2667882 .8148441 
 .7019703 .0570270 
 .9164989 .4568744 
 .6674737 .9935414 
 .9341731 .1213767 
 .4760683 .7081694 
 .7513331 .4116976 
 .6196211 .9456399 
 .2522434 .1981593 
 .7631023 .4705521 
 .3663628 .3526500 
 .5532363 .4912364 
 .2782683 .4040700 
 .2912495 .8187328 
 .9257377 .0975451 
 .6143804 .5056428 
 .4438754 .2526218 
 .0591025 .0480694 
 .8944580 .6242108 
 .4049040 .5798805 
 .1239620 .7568629 
 .6186273 .7679055 
 .2374288 .1075830 
 .3209492 .6926788 
 .4623239 .9518467 
 .9512345 .6727602 
 .7982681 .6763014 
 .8748853 .9997708 
 .6838595 .8318557 
 .9060803 .5718683 
 .0271775 .5420045 
 .1436205 .5587248 
 .5958661 .2403410 
 .3611180 .0519478 
 .3873458 .8928043 
 .8651419 .1395795 
 .8285963 .4263248 
 .8338308 .4176063 
 .3045071 .5557006 
 .4590397 .4785840 
 .5879039 .0317906 
 .2099797 .6983247 
 .4344356 .9209773 
 .3756796 .4143710 
 .2904624 .2003696 
 .5751071 .5304896 
 .3083126 .9849043 
 .6825913 .3029285 
 .4246945 .2984119 
 .8249456 .6174801 
 .0760586 .6053484 
 .6755503 .9397617 
 .3282094 .4153124 
 .7972836 .2403394 
 .1028801 .1781804 
 .5557336 .9246706 
 .2952011 .3607433 
 .1092488 .9361001 
 .5844356 .9306440 
 .8432380 .9865983 
 .5249129 .3022250 
 .7003754 .9803567 
 .1311825 .8911360 
 .2011552 .2430400 
 .8949373 .4872504 
 .2732283 .7052169 
 .4326234 .3331258 
 .7233045 .7005273 
 .3907673 .6699565 
 .3897608 .9532864 
 .6473245 .1042268 
 .4926292 .5097413 
 .2456807 .9131210 
 .9229943 .1128823 
 .0747382 .7397100 
 .3461707 .5708330 
 .4426872 .3620394 
 .8800072 .1991930 
 .9500139 .6230339 
 .2864392 .0415652 
 .2029306 .3876247 
 .3036341 .3406396 
 .8631427 .6942455 
 .8579066 .1329177 
 .4325902 .1718463 
 .0266761 .7992227 
 .3389326 .3203868 
 .0612532 .2838317 
 .8229848 .3594121 
 .4938342 .2981693 
 .5244705 .9303253 
 .0069069 .3887997 
 .3962366 .8253747 
 .6829810 .9497270 
 .7158834 .8797062 
 .5133187 .2090369 
 .7615107 .9091273 
 .3487933 .4704838 
 .6163638 .7500053 
 .2343256 .4300040 
 .1945004 .6410326 
 .3781743 .6411220 
 .7525872 .8989437 
 .6538565 .0350804 
 .8754855 .5387118 
 .9883011 .1120464 
 .3867985 .5678071 
 .4151463 .7472197 
 .2189474 .4758024 
 .8145373 .6758598 
 .5470056 .2144911 
 .9555254 .2474480 
 .2003803 .9267711 
 .6268592 .0221876 
 .4578729 .9793788 
 .2967615 .7111012 
 .9335945 .5671554 
 .4798492 .7598857 
 .6900632 .3044358 
 .0948352 .9097239 
 .4744639 .7593816 
 .5427161 .1361975 
 .7559335 .7141888 
 .6819370 .7085865 
 .9247261 .8800945 
 .6722089 .4019569 
 .6646464 .6305374 
 .8373811 .2468087 
 .3821000 .7457117 
 .9826953 .1664646 
 .1099145 .8316280 
 .4030357 .4191072 
 .1306414 .5686974 
 .2340862 .3551975 
 .4987520 .7782994 
 .6127763 .4852168 
 .6879140 .9278326 
 .7996879 .5280406 
 .9397644 .5198951 
 .1343769 .7150678 
 .9232092 .1615385 
 .2924759 .3352650 
 .5946610 .2545115 
 .3261559 .9348294 
 .4337040 .3940934 
 .6196866 .7830024 
 .4568360 .8570403 
 .0896047 .6709660 
 .7131038 .0803613 
