 5 
 500 
 .8034554 .2977321 
 .1741285 .5590351 
 .3837136 .5501820 
 .6081437 .2670505 
 .7796179 .6230354 
 .6916420 .5919034 
 .7007425 .4099619 
 .3906579 .9611022 
 .0139168 .7905124 
 .8696623 .4918592 
 .0343721 .7420602 
 .7206766 .0369453 
 .5140477 .8249439 
 .5172809 .4929152 
 .1793620 .2358863 
 .8197848 .9730732 
 .4595871 .5472041 
 .2652939 .9182074 
 .5396574 .7105813 
 .8631094 .9482985 
 .1654470 .3300354 
 .8982681 .7676414 
 .5104247 .4624463 
 .9279493 .1811332 
 .3527979 .5864160 
 .4283706 .6554115 
 .9719378 .6295713 
 .0925553 .1971055 
 .3997018 .2364933 
 .1583999 .8912153 
 .4913850 .4075262 
 .2157000 .4526017 
 .9351014 .2935852 
 .6416095 .7372690 
 .7075702 .7820089 
 .2753338 .4196041 
 .2062211 .4792833 
 .4810742 .9865084 
 .6273936 .1513739 
 .8672788 .7864756 
 .0908380 .4222246 
 .3215046 .9956434 
 .1918957 .7939988 
 .5625686 .8557233 
 .4422900 .5146273 
 .1715698 .1700130 
 .4735632 .5924747 
 .2947002 .5204568 
 .6464941 .8952188 
 .3549477 .6354724 
 .2454945 .7586397 
 .7957164 .3770332 
 .8366516 .2967155 
 .9234765 .4458201 
 .4169321 .5105056 
 .3226987 .5821688 
 .1527273 .6405445 
 .2759364 .1625599 
 .9585766 .7341584 
 .5139021 .9885722 
 .7491927 .2810288 
 .0111504 .0070685 
 .4449995 .6207444 
 .1864215 .8939386 
 .9459310 .6957893 
 .7042449 .0235253 
 .2203815 .1006872 
 .2349370 .4139265 
 .9836076 .1886474 
 .3300697 .8042389 
 .4477086 .6043083 
 .5137390 .0405166 
 .2862162 .8158442 
 .4679335 .3172870 
 .9304625 .2600586 
 .6818920 .3729361 
 .9499161 .2659216 
 .2069653 .2396696 
 .5997516 .0985984 
 .4640510 .3091127 
 .3686841 .8181454 
 .8315702 .9374531 
 .9387314 .1629926 
 .6271034 .1614028 
 .4737090 .7738778 
 .9016029 .8476672 
 .3700724 .6323240 
 .1954605 .2111205 
 .0048641 .8998397 
 .2520404 .5049963 
 .7611378 .1480518 
 .0254853 .1421753 
 .5489981 .4417368 
 .7220892 .8195883 
 .7054410 .4894818 
 .8321930 .5949067 
 .7711935 .1612485 
 .0838200 .4505860 
 .1178577 .5767385 
 .1090233 .7569865 
 .3315441 .6189181 
 .6755798 .2332665 
 .9349754 .4866655 
 .1041339 .4590397 
 .4214133 .5700059 
 .6555855 .6059547 
 .3408674 .7491103 
 .1143251 .6684169 
 .6695383 .8599051 
 .5762613 .8461611 
 .9424861 .6480800 
 .8303604 .5753323 
 .3597539 .6002457 
 .1400376 .6636715 
 .6977768 .5842875 
 .3151025 .6413611 
 .4685126 .6763474 
 .5324847 .3116003 
 .1535172 .7626365 
 .4185431 .0310747 
 .9717884 .7812118 
 .6388127 .8646994 
 .6787979 .5502283 
 .0314602 .7733700 
 .1873534 .1907738 
 .7349234 .6774957 
 .8839606 .8075014 
 .5520907 .7998313 
 .6098258 .3896680 
 .9043570 .2731113 
 .2937226 .3271468 
 .2878665 .6832464 
 .7622932 .4262917 
 .4676326 .0269029 
 .5971165 .2224766 
 .2369146 .4501769 
 .0297202 .5204813 
 .1206386 .9973376 
 .4257855 .6889481 
 .7916801 .2672662 
 .2557571 .9666485 
 .2638830 .1198018 
 .6160771 .0195842 
 .3796874 .1017479 
 .0759721 .7697540 
 .1645727 .7173241 
 .2892865 .0870564 
 .9041089 .6324021 
 .5269362 .7210282 
 .1286454 .8954733 
 .8383068 .7122313 
 .0694704 .7379825 
 .4119944 .7648794 
 .7700342 .8769713 
 .0378480 .4210109 
 .2754751 .8159249 
 .2209660 .5279604 
 .7496012 .6948469 
 .9992953 .0483301 
 .7345859 .9849252 
 .0924201 .7758975 
 .0163338 .9012328 
 .5701818 .4802034 
 .8166629 .9007554 
 .3735818 .3327150 
 .6185519 .0621932 
 .0321573 .5317475 
 .3466074 .4654716 
 .7743261 .6425225 
 .5630315 .7972471 
 .5802414 .5411341 
 .6786211 .1359443 
 .9281293 .6725583 
 .9851058 .9855378 
 .0700554 .7164610 
 .8433452 .8384266 
 .3642475 .2512212 
 .0529633 .4988766 
 .8986332 .6045603 
 .9117995 .6716539 
 .4618023 .2042457 
 .5645136 .4351709 
 .6383190 .2577932 
 .9427005 .6317528 
 .8978584 .7967140 
 .1053556 .3140310 
 .1721630 .7569119 
 .4773898 .5180161 
 .4179845 .0081253 
 .9215299 .0596266 
 .5831367 .7051023 
 .5192637 .9793829 
 .4491939 .0622750 
 .3209026 .8341482 
 .9283919 .1403497 
 .2822498 .3372435 
 .1415702 .4032285 
 .4521755 .8985097 
 .2836953 .0203028 
 .7155319 .3709719 
 .8662869 .9532058 
 .7206815 .6652084 
 .0720776 .0158420 
 .9093832 .6783663 
 .0141374 .0077211 
 .8852743 .9715413 
 .6946409 .8065901 
 .9596206 .5239637 
 .1300977 .5178587 
 .0407808 .3396566 
 .8603747 .4036325 
 .7158520 .2639718 
 .9858509 .7790912 
 .2256413 .6032016 
 .7657380 .2317471 
 .0613444 .4873466 
 .1336081 .6905830 
 .3045161 .7686086 
 .4036702 .7854769 
 .9699943 .9383207 
 .8009674 .7684487 
 .0607958 .3423424 
 .7856002 .6304039 
 .5585420 .0864742 
 .6779575 .9909708 
 .0941090 .5937141 
 .7389290 .3530218 
 .6998247 .8862154 
 .2138205 .3233104 
 .1530744 .3361458 
 .1963684 .7696289 
 .4855203 .8183250 
 .4824941 .4137758 
 .9437044 .7980547 
 .5224232 .2867004 
 .9244912 .7319950 
 .4921580 .4732468 
 .2390205 .0178036 
 .4262112 .7622243 
 .7354923 .3065768 
 .0056183 .7438816 
 .2755995 .9354484 
 .3887224 .5495221 
 .9406634 .1280330 
 .5047086 .2327657 
 .9579231 .9672921 
 .2865229 .6121023 
 .1888849 .4258704 
 .8732911 .5306940 
 .3015621 .3375385 
 .0228180 .6801287 
 .3357278 .4421107 
 .6898516 .5558063 
 .8313817 .8046180 
 .4806930 .3761156 
 .7793901 .2046379 
 .7120836 .9563312 
 .3111104 .6580403 
 .9922574 .0694933 
 .3996639 .1530437 
 .2022658 .6762200 
 .2157714 .9749097 
 .7713241 .9267186 
 .6696356 .6158703 
 .1836436 .8319888 
 .7686320 .1135204 
 .3861629 .2056371 
 .6074782 .5639350 
 .5344305 .5686128 
 .1494831 .2847293 
 .3527707 .2998333 
 .7083497 .3651995 
 .0174514 .9568530 
 .6412148 .7800857 
 .3080108 .3707387 
 .8440688 .4424295 
 .9098569 .2639233 
 .0168145 .0489805 
 .9758766 .6122958 
 .3408952 .7856703 
 .8387435 .0739380 
 .3790661 .3053539 
 .2690446 .2750109 
 .0433971 .1973466 
 .7449214 .7541130 
 .9503866 .7077874 
 .3717837 .5332569 
 .1450472 .9485758 
 .5884759 .6572219 
 .9703950 .3950833 
 .5291986 .1117199 
 .9138409 .2010635 
 .4761784 .2203422 
 .8939597 .7727180 
 .5216881 .2939141 
 .1638908 .0997336 
 .3322042 .7644568 
 .4926320 .4338355 
 .4324057 .5177224 
 .4216045 .8670262 
 .0500261 .3190074 
 .2475258 .9617299 
 .3194190 .2199475 
 .2077118 .5305751 
 .2547542 .1900275 
 .5818621 .5990463 
 .7831656 .9238950 
 .7040601 .0917625 
 .3716012 .2600150 
 .0165513 .3822105 
 .1737147 .7710361 
 .2967576 .9934252 
 .6375592 .1522338 
 .2423452 .8278797 
 .3112469 .7798316 
 .0848958 .6707715 
 .0097768 .4116666 
 .3872439 .6214882 
 .0970701 .0718300 
 .4167417 .7703462 
 .6155375 .7493722 
 .4180002 .9962403 
 .2713999 .1371828 
 .8629458 .2976653 
 .4551389 .1665304 
 .6497219 .6041897 
 .8280327 .9187514 
 .7589675 .5049208 
 .5103866 .4189912 
 .7477259 .6693187 
 .2249536 .0760132 
 .5465765 .7559380 
 .2278163 .8026739 
 .3909567 .0758179 
 .5338198 .2470016 
 .6169458 .9063502 
 .5371680 .6346949 
 .9264358 .7830453 
 .0501727 .4585514 
 .2055048 .9127356 
 .1320397 .0746327 
 .8793675 .5719247 
 .6401338 .0421473 
 .1113826 .4352412 
 .6810580 .0748712 
 .0936803 .6158270 
 .2282490 .4947073 
 .6119226 .1240043 
 .9543032 .2684917 
 .5629406 .7322557 
 .3350490 .6806633 
 .9154095 .0804575 
 .5411400 .4977185 
 .6717319 .4099428 
 .4518030 .6037323 
 .8428034 .6603895 
 .9020050 .4554508 
 .6027486 .8192398 
 .2938463 .6838035 
 .1519345 .3364114 
 .9381122 .5569462 
 .0750082 .0019715 
 .6027702 .0563965 
 .0152652 .7632625 
 .0794420 .6782540 
 .3637461 .3001999 
 .1716697 .8691786 
 .6349861 .4901688 
 .0827868 .7925240 
 .7127078 .8216287 
 .1465470 .8820593 
 .8268650 .9402489 
 .2980317 .8048529 
 .7847150 .3526588 
 .4108807 .8844125 
 .6269272 .3277448 
 .1022547 .0308551 
 .7065342 .6183863 
 .9892713 .5250066 
 .5727004 .1096339 
 .5176389 .7836831 
 .5492354 .1521166 
 .9099840 .1072552 
 .2834129 .3689625 
 .7205920 .4287481 
 .7453828 .2752502 
 .8451131 .7344319 
 .3111924 .2030194 
 .2158800 .0349259 
 .9795571 .8016730 
 .1010012 .8965245 
 .9579667 .7402524 
 .8909815 .3955632 
 .4988650 .0690720 
 .1604498 .1724334 
 .8504248 .8356088 
 .9822816 .7121317 
 .5752460 .7628709 
 .9821668 .1782534 
 .5380525 .7947657 
 .1761262 .6279066 
 .0115462 .7367679 
 .6418011 .2244050 
 .2269155 .6534928 
 .6341666 .5685800 
 .1184814 .6471351 
 .6528209 .3514176 
 .9845140 .5891769 
 .6738281 .4912489 
 .4997709 .7068214 
 .4343991 .4961939 
 .3486947 .9673128 
 .1511449 .1627500 
 .2678783 .2271826 
 .8973748 .4976180 
 .2462592 .3265515 
 .2846083 .9828428 
 .9729512 .8554438 
 .9982673 .4824018 
 .4745638 .2816756 
 .7250818 .1372782 
 .5627105 .5277776 
 .3652233 .8790931 
 .7220640 .8746521 
 .1182433 .5103139 
 .1011928 .1467684 
 .7286857 .8902026 
 .2014119 .3296963 
 .2224206 .3057773 
 .7594088 .8552078 
 .8934795 .7094365 
 .4413697 .4690603 
 .8360921 .7203008 
 .7511344 .5164527 
 .3679139 .1030534 
 .6314634 .2220415 
 .3557328 .2818907 
 .4222095 .6248563 
 .5194075 .1813952 
 .1359496 .7104868 
 .7260889 .6115189 
 .6118741 .3580635 
 .2550511 .2686730 
 .3913328 .3198508 
 .8613731 .3849594 
 .6898285 .8462443 
 .7294259 .7361215 
 .3743199 .9656467 
 .3072780 .1666232 
 .3328600 .9716204 
 .4609037 .4956625 
 .1747600 .4409095 
 .9801114 .5566744 
 .1400359 .1249191 
 .4915600 .5582565 
 .9307698 .2810740 
 .2607631 .7372445 
 .5956173 .3336730 
 .8547393 .6431441 
 .4809040 .0084486 
 .5376196 .0230905 
 .6740056 .0405632 
 .6182155 .2812180 
 .5608855 .9192507 
 .4839492 .4165750 
 .5411893 .5482853 
 .1497996 .1877920 
 .2200661 .7519468 
 .9216863 .4363773 
 .3423156 .7606992 
 .0061498 .8870681 
 .3554438 .6264253 
 .0649496 .6338771 
 .9751660 .3383044 
 .9744486 .6526314 
 .8587220 .5693089 
 .2530352 .2306802 
 .0344737 .7493647 
 .3005152 .7853367 
 .8445489 .7414953 
 .9740337 .2052915 
 .7721751 .9362862 
 .0158297 .0819792 
 .7757334 .1597968 
 .0466218 .9264685 
 .9538434 .4301340 
 .5298497 .0551744 
 .0238896 .2553299 
 .2689919 .0753193 
 .9017118 .7344557 
 .2829088 .0469034 
 .5016182 .0370874 
 .6602835 .1177451 
 .7998452 .6628592 
 .2588902 .8352109 
 .4749897 .9299071 
 .6112902 .9833518 
 .4971807 .0530742 
 .5357763 .6655742 
 .5127505 .5318320 
