 1 
 500 
 .8463317 .1629673 
 .4997889 .5624155 
 .4706012 .5497251 
 .0577126 .6451653 
 .5088103 .4480117 
 .0640905 .2086525 
 .2001805 .7990781 
 .6435300 .5411394 
 .7759920 .9081857 
 .5680544 .5760842 
 .3964703 .7915141 
 .6394698 .6081408 
 .1530837 .4573168 
 .4326328 .2802380 
 .5093711 .3296449 
 .2161355 .6560841 
 .6381490 .3155139 
 .4280951 .6972778 
 .3546638 .8633914 
 .4532832 .1191925 
 .5916072 .9381063 
 .1901529 .6744608 
 .1480607 .7580119 
 .7663330 .6142569 
 .9930344 .4552519 
 .7002610 .5501837 
 .6254729 .0175649 
 .9437252 .2654562 
 .4840701 .8759997 
 .8915941 .2227540 
 .4471253 .6804780 
 .1148218 .5446373 
 .0376408 .9551216 
 .9523539 .9953031 
 .7120577 .6859321 
 .0657121 .8017390 
 .9101157 .1405596 
 .6832176 .7875403 
 .4134558 .4667952 
 .7929377 .9608236 
 .7244161 .4138678 
 .4258969 .0433262 
 .0441635 .8568770 
 .0328066 .0329611 
 .0985098 .1055572 
 .6149304 .2763271 
 .3156324 .1073022 
 .7266248 .1479918 
 .1751231 .9117832 
 .9149903 .6842915 
 .0824720 .8888343 
 .9798274 .7329759 
 .7249121 .3583500 
 .1911395 .6257728 
 .0686709 .1140130 
 .0456508 .2659188 
 .1867418 .8525315 
 .2196318 .9914023 
 .8704621 .2449963 
 .2116394 .7091411 
 .0751257 .2327454 
 .0820056 .6150980 
 .9647170 .4600358 
 .1899416 .2774461 
 .6262861 .3706450 
 .5953736 .8588770 
 .0806550 .6335374 
 .7100012 .6220169 
 .3707012 .8997252 
 .9169731 .3682184 
 .2965620 .5416972 
 .4849104 .8117565 
 .5114122 .5390710 
 .6211925 .7332078 
 .6021204 .0377309 
 .5703443 .6695665 
 .5537681 .7504075 
 .0824493 .4039727 
 .4208561 .1477453 
 .3576553 .0718412 
 .5736935 .6111418 
 .9074487 .6972019 
 .7161159 .1203341 
 .0403587 .7452333 
 .8279710 .8056188 
 .4455106 .0938214 
 .8078944 .4200097 
 .3659017 .8955316 
 .1014353 .5313433 
 .0658066 .2661815 
 .9067370 .4866151 
 .8322599 .6792700 
 .2523829 .8864531 
 .9255072 .3863914 
 .6248493 .7898899 
 .2115636 .0794694 
 .8589068 .9492581 
 .3629935 .2557168 
 .3534520 .2903975 
 .3806135 .1726948 
 .6852733 .2801923 
 .8354450 .6582412 
 .3993260 .8750498 
 .9107988 .0753923 
 .8788631 .9710569 
 .4802722 .0802672 
 .1523963 .6674982 
 .7175901 .0332496 
 .3746041 .6359626 
 .9150167 .5502219 
 .3101148 .3206919 
 .2924332 .1681086 
 .9252338 .8829137 
 .8005001 .8421056 
 .3133014 .4809319 
 .6375278 .3227349 
 .4921290 .8245025 
 .9771584 .6488087 
 .6520158 .5697866 
 .9966301 .2445363 
 .4228528 .0807204 
 .6446524 .5699011 
 .5789338 .8622588 
 .8226763 .0250969 
 .9079717 .4964170 
 .0900073 .8717784 
 .0216107 .5466318 
 .1456776 .2631817 
 .6511030 .4404744 
 .8796822 .9663348 
 .1139192 .0334494 
 .6019970 .8446413 
 .5025579 .0732930 
 .2161344 .4176073 
 .7708573 .2381171 
 .8587705 .5334326 
 .9983538 .3637158 
 .3195944 .0241239 
 .1098254 .8936428 
 .0148954 .7437495 
 .3127746 .9060518 
 .2309268 .1379649 
 .2753806 .1570685 
 .7826616 .9140406 
 .0740626 .7323879 
 .3416065 .8698289 
 .3533807 .8551712 
 .8517598 .8294711 
 .8092345 .3349116 
 .2419970 .1926786 
 .5643369 .6720482 
 .8100567 .0401682 
 .4754190 .0074967 
 .1392736 .1948187 
 .8047020 .4132282 
 .3431818 .1983692 
 .6015180 .3853374 
 .1314911 .8465435 
 .8587245 .1879842 
 .1576294 .6883753 
 .0054041 .7059444 
 .0344498 .6327697 
 .2324076 .9335539 
 .1697332 .3489917 
 .8682683 .8343519 
 .2431733 .2673537 
 .5650173 .1620050 
 .9755290 .3889198 
 .1391412 .4899113 
 .2699637 .4430724 
 .9524895 .1425132 
 .4641750 .7713451 
 .8090165 .3815826 
 .1361603 .1845284 
 .2709948 .9388546 
 .6602588 .3947482 
 .5354121 .1031622 
 .7048808 .8595215 
 .7178209 .8039411 
 .4779725 .3227457 
 .4146086 .6594205 
 .3271815 .2677095 
 .2906456 .3902628 
 .0427973 .1165504 
 .3902148 .3886509 
 .8342301 .4636639 
 .8051731 .0671307 
 .5839922 .9994213 
 .8531119 .8166649 
 .9432392 .0847043 
 .3050170 .3426444 
 .6238396 .1332535 
 .4292374 .6217989 
 .5550668 .9421805 
 .3466175 .9703395 
 .2872559 .7132417 
 .7680750 .4100293 
 .2065443 .4981493 
 .6458874 .7775051 
 .0280322 .8873310 
 .3361223 .3938231 
 .1007499 .5876757 
 .9521870 .5841868 
 .9156255 .6829497 
 .7860157 .3378845 
 .6736027 .3602697 
 .7691359 .7889265 
 .8490774 .1743008 
 .4133970 .2794868 
 .5653058 .9022501 
 .6706726 .2793204 
 .6622951 .0492698 
 .5300130 .5506119 
 .1503266 .3651092 
 .4646843 .2825062 
 .0575816 .5357875 
 .2729457 .5236500 
 .4397561 .6632318 
 .3354293 .6027245 
 .6519645 .3232684 
 .4362771 .2719440 
 .2050466 .9176058 
 .3498863 .4001282 
 .1435225 .6655249 
 .3528972 .9809935 
 .5822829 .8104403 
 .3420671 .2470460 
 .7025696 .2773415 
 .6705736 .4656658 
 .2012989 .8788888 
 .1932383 .6549385 
 .1652113 .9376720 
 .0578032 .5432914 
 .0441067 .5143594 
 .9049014 .5973131 
 .4544439 .8882040 
 .4413756 .2820528 
 .7722631 .0471700 
 .6152888 .7609005 
 .8766232 .1668194 
 .3189833 .2886080 
 .1729526 .7845925 
 .8390390 .3394211 
 .5387872 .9412558 
 .0066193 .2184198 
 .6587252 .2336076 
 .7136191 .1413055 
 .1049720 .7090595 
 .3719105 .5867932 
 .4159793 .9779767 
 .9149726 .6147616 
 .4573157 .9057001 
 .6709390 .7281567 
 .8324413 .7925142 
 .1587712 .1006136 
 .5504047 .0134965 
 .5475132 .3956514 
 .2440455 .5657296 
 .8325613 .2053688 
 .8449686 .6897890 
 .0702540 .0126253 
 .8267762 .4652861 
 .3079985 .6439993 
 .1796896 .7335703 
 .8742676 .9821603 
 .6191902 .5190050 
 .8612700 .2339580 
 .7875468 .8855700 
 .0405859 .7302923 
 .1964930 .3974286 
 .8837136 .9289771 
 .3857732 .5075707 
 .2879568 .3031124 
 .4271998 .6722308 
 .1935440 .8632324 
 .8661576 .1125107 
 .3679780 .3574738 
 .0285674 .1880514 
 .7635081 .3334830 
 .0850822 .5177155 
 .2459701 .2795555 
 .2971390 .4236061 
 .0581931 .4788325 
 .6003415 .0693746 
 .7163937 .9350664 
 .4259031 .8312101 
 .4286200 .1247848 
 .9244439 .9371681 
 .5430195 .1994080 
 .2297188 .1321309 
 .6406608 .8403018 
 .9617557 .9037239 
 .0304688 .9356389 
 .8858220 .4084686 
 .6177231 .7135987 
 .7695010 .3743697 
 .1251459 .4826219 
 .4563778 .5705443 
 .8570531 .6844471 
 .6302888 .5084252 
 .7099914 .9852609 
 .4952052 .3920562 
 .7329138 .4777850 
 .6464953 .4240608 
 .6988920 .0432698 
 .9509519 .7935457 
 .0288017 .2654644 
 .6644826 .3545305 
 .8529863 .1744429 
 .8641591 .4179969 
 .5447704 .1399996 
 .3092962 .4343672 
 .9325164 .4829317 
 .0158055 .7806742 
 .5048380 .3162090 
 .2581352 .4699118 
 .8642771 .6925618 
 .7200822 .3885830 
 .7433590 .6836755 
 .6035476 .5993257 
 .0461234 .3497542 
 .3643023 .2132215 
 .2781502 .9149819 
 .2549607 .1730215 
 .7264026 .5201490 
 .0840070 .7635705 
 .8820624 .7917084 
 .7998090 .4862237 
 .5875836 .6975594 
 .1214872 .7445525 
 .6436020 .7422097 
 .0931815 .1711556 
 .2297610 .9134138 
 .9510922 .8994692 
 .2611058 .7922239 
 .0675664 .1071290 
 .1911210 .1793780 
 .1648580 .1232099 
 .9438849 .2113915 
 .8519253 .6325930 
 .4588579 .4153786 
 .3971409 .2963046 
 .2976550 .0957989 
 .2619868 .6439831 
 .1154409 .9097800 
 .2270984 .5281758 
 .4504803 .9586888 
 .0713061 .8419875 
 .8315331 .1280002 
 .0330184 .6112245 
 .9293616 .1085128 
 .1952918 .9366351 
 .3582738 .3303800 
 .1826496 .4756678 
 .4265072 .1755324 
 .0180595 .0483861 
 .9880402 .9796527 
 .7288462 .2983267 
 .5982311 .6052046 
 .5646254 .8431891 
 .1442103 .3128918 
 .9399946 .6568424 
 .4183286 .2686226 
 .0686118 .1152503 
 .8268559 .7223467 
 .5298454 .7340830 
 .3616871 .5473095 
 .7082914 .5820413 
 .5827019 .7341058 
 .3615310 .0657820 
 .8227934 .3316967 
 .8814540 .5818526 
 .9840911 .3930594 
 .6857066 .6877325 
 .6777091 .3296506 
 .3622344 .1649819 
 .2931034 .7571655 
 .6329054 .7771400 
 .7769877 .9134386 
 .0306986 .7454271 
 .0533824 .9735516 
 .7153592 .9960221 
 .4109167 .4405613 
 .5886399 .0307362 
 .7936303 .0535189 
 .5036872 .7328191 
 .4173714 .5659066 
 .7726925 .3734452 
 .8431356 .9830456 
 .4290170 .3016667 
 .6064763 .5197117 
 .0485290 .9883199 
 .4511083 .1999168 
 .8212540 .8970578 
 .5551735 .6578536 
 .6175612 .6553943 
 .9679987 .7381398 
 .8293734 .7149058 
 .5787051 .7980160 
 .7902219 .5795845 
 .7883879 .4848367 
 .7797657 .1393003 
 .8149234 .9373149 
 .3775610 .0034332 
 .0714378 .0143342 
 .8138221 .2575297 
 .8612473 .9039947 
 .7255458 .9703264 
 .9463008 .3587047 
 .3061013 .2042240 
 .2829911 .3278383 
 .3641111 .3112993 
 .9762918 .8435425 
 .5995790 .9487532 
 .5656976 .0209665 
 .9656614 .4793360 
 .0970318 .7622909 
 .0046334 .1283011 
 .7130126 .4427320 
 .4053835 .2808429 
 .0601807 .1819658 
 .7935786 .3923081 
 .6955471 .3794460 
 .1883843 .8547611 
 .6057814 .5676549 
 .0827156 .4622676 
 .3350750 .3017055 
 .3563244 .4255634 
 .1526423 .1827017 
 .0290210 .7241325 
 .9623262 .0691210 
 .2088750 .4071597 
 .7375958 .3660134 
 .6787582 .6588762 
 .3155359 .7342769 
 .7729815 .3605226 
 .2508721 .8074659 
 .0904443 .7800308 
 .6508200 .1547847 
 .9255730 .1086172 
 .7062362 .8369081 
 .0147665 .9853066 
 .9143534 .9543244 
 .4230141 .9880098 
 .3509424 .5117995 
 .4491978 .3426789 
 .0802307 .0805985 
 .8132507 .7673031 
 .8619652 .9330469 
 .7952165 .3196095 
 .3868002 .7901538 
 .3042588 .1883337 
 .6913742 .7381371 
 .1311902 .3273504 
 .2081626 .3470595 
 .1350605 .3868425 
 .8151239 .1151932 
 .2741446 .1905593 
 .6764379 .0544595 
 .8432276 .6251166 
 .7059383 .9511128 
 .8387880 .7657386 
 .9243043 .4450484 
 .0454518 .8198763 
 .2923749 .8714807 
 .4123242 .4202886 
 .9462254 .5385531 
 .9454121 .2744656 
 .9825593 .9494757 
 .2487395 .4472489 
 .5806825 .0313319 
 .7558318 .8251865 
 .5224870 .7555253 
 .5464058 .7290824 
 .9946382 .1152341 
 .5692694 .2873949 
 .5251984 .1889928 
 .4079999 .0771372 
 .3053645 .3298960 
 .9348455 .6377610 
 .9485343 .1777117 
 .9918943 .6617045 
 .6036712 .4346784 
 .4957653 .7948764 
 .6155899 .8507136 
 .1493301 .8108689 
 .6464813 .7434835 
 .5151498 .1611721 
 .0633887 .1840291 
 .0018402 .1946327 
 .8656020 .6977195 
 .9653481 .2648912 
 .5717058 .3889694 
 .4485478 .0240734 
 .0934493 .6597124 
 .0785566 .8916452 
 .1653757 .4568298 
 .5031180 .3835769 
 .5353891 .9908971 
 .8542298 .0208583 
