 1 
 500 
 .8276194 .8764918 
 .5793086 .8935084 
 .8060821 .8454934 
 .7513279 .5866390 
 .8898921 .2896258 
 .3900260 .3865906 
 .9280838 .1228832 
 .2523688 .3930928 
 .5719716 .3087264 
 .9688489 .8364734 
 .0726627 .0258797 
 .2022015 .6732637 
 .7496202 .1949764 
 .5308245 .4869504 
 .9094911 .1737046 
 .0502650 .5980317 
 .7983867 .9965460 
 .1501452 .5487236 
 .5301900 .2752621 
 .4062103 .2186746 
 .8209350 .5887642 
 .7192165 .6434380 
 .4349979 .1141747 
 .6130301 .9792261 
 .8604302 .0605316 
 .0399932 .7551811 
 .9133954 .2759953 
 .3862329 .2850654 
 .4480041 .7593513 
 .0645494 .5184278 
 .5280347 .7053634 
 .7567315 .2789855 
 .3987294 .5768891 
 .8370083 .2846904 
 .1652327 .3879060 
 .7777737 .0267640 
 .7119373 .2015008 
 .5991096 .8984171 
 .2441889 .5337138 
 .0538977 .2400468 
 .7481196 .0837014 
 .8068545 .4759598 
 .1809996 .5962556 
 .1225534 .4651313 
 .5460631 .7550758 
 .4658169 .7197189 
 .0824410 .2926236 
 .0666835 .3420204 
 .2102694 .9106676 
 .2278738 .4128479 
 .8984067 .4980348 
 .4592184 .0888989 
 .7401211 .3094111 
 .1022569 .7281867 
 .8907845 .4695450 
 .8380924 .7929633 
 .4886591 .0667020 
 .4189900 .8483712 
 .2804686 .3109620 
 .3830451 .3893216 
 .6302453 .3077355 
 .8429266 .1323480 
 .3131071 .9229766 
 .3131310 .3854547 
 .5827876 .4197713 
 .7717646 .6768069 
 .7380920 .8895623 
 .7465123 .4395194 
 .2716135 .2860157 
 .3615671 .6093208 
 .8242048 .8337228 
 .3617694 .8265479 
 .4384830 .9033417 
 .7084759 .8132674 
 .5392365 .7327018 
 .1726188 .6273838 
 .8906377 .6806011 
 .3754603 .0228883 
 .3998079 .5147964 
 .0755835 .1509749 
 .6511915 .4838127 
 .4881009 .3401189 
 .7515225 .9669513 
 .5528192 .6514235 
 .4135704 .1390410 
 .0335627 .2131075 
 .8684895 .5643379 
 .0099538 .8269773 
 .5191201 .6233130 
 .7820704 .7796223 
 .2651611 .2901560 
 .7014548 .8889248 
 .8684022 .5684513 
 .4103519 .2168244 
 .9923357 .8459282 
 .0436965 .1641395 
 .7431079 .9722314 
 .9416759 .3521689 
 .4430821 .8595842 
 .3385528 .2458011 
 .4569253 .1558049 
 .5272621 .2784745 
 .3232496 .7806684 
 .5280001 .6325986 
 .0701000 .0258600 
 .8790017 .0794871 
 .9451328 .1090320 
 .5728698 .5975072 
 .0938376 .5945210 
 .3235810 .0105395 
 .8817651 .4354025 
 .3965448 .7030065 
 .1771011 .4795235 
 .4832564 .5921947 
 .2732256 .4792575 
 .0570551 .9303931 
 .2097637 .7517279 
 .9986862 .0630387 
 .7052454 .8914568 
 .9086776 .8166190 
 .0924823 .0165698 
 .4943814 .5010719 
 .5843073 .0461207 
 .9868074 .2928714 
 .6150658 .0105749 
 .1474929 .6614277 
 .3123420 .3782737 
 .6975197 .0948865 
 .4515154 .2635966 
 .7558083 .1914300 
 .3180248 .0308026 
 .1159007 .6657757 
 .2213219 .5219681 
 .1109905 .3722808 
 .1305876 .6563108 
 .7948800 .3979218 
 .8830126 .6472899 
 .7682425 .8999512 
 .1859648 .1764800 
 .9589548 .8612819 
 .4173436 .6001051 
 .9637422 .4561314 
 .9339991 .1335843 
 .3048511 .3412202 
 .8239427 .8872485 
 .4663471 .9333733 
 .0693390 .9758303 
 .3538247 .5597697 
 .8966112 .4961828 
 .5602217 .1668454 
 .3375654 .2002296 
 .3979606 .8800062 
 .0589025 .8591699 
 .1402020 .8883956 
 .3719929 .7337414 
 .5554840 .5939990 
 .7329989 .7846551 
 .0618631 .3569034 
 .3954949 .2654535 
 .2977555 .0705821 
 .2813155 .5627725 
 .4234137 .7321809 
 .3756110 .4496013 
 .0332773 .5899744 
 .5016666 .5964135 
 .3666994 .7479655 
 .3500980 .9812558 
 .9316921 .6180536 
 .9732350 .9288289 
 .2697498 .6028272 
 .1439950 .5035434 
 .1434175 .0738757 
 .2419924 .9332674 
 .8634628 .2260946 
 .5781787 .1372912 
 .9182082 .8198077 
 .9006248 .1996862 
 .8401750 .1891860 
 .5232884 .1310213 
 .8486015 .1544268 
 .0594212 .2980973 
 .9320235 .5210127 
 .7818119 .7112513 
 .5618517 .5141171 
 .5209945 .6176470 
 .2221611 .5494010 
 .7850241 .6700889 
 .6566202 .8900794 
 .1631042 .8750573 
 .6120414 .6287657 
 .4703799 .5591368 
 .5283408 .6432469 
 .6002624 .1555867 
 .9031491 .2275422 
 .4588689 .5657608 
 .9498378 .4503861 
 .1362049 .4942019 
 .8617055 .3371715 
 .7807434 .2297990 
 .8714309 .0404377 
 .3357224 .0241826 
 .9200349 .5277111 
 .9019406 .1158274 
 .8774152 .1809382 
 .2357453 .6149106 
 .8284361 .2134253 
 .6824231 .3881230 
 .0834635 .0501416 
 .2819892 .6901292 
 .6065565 .8049916 
 .1515717 .9425006 
 .9821524 .6812426 
 .5188687 .5624872 
 .5534254 .4132397 
 .6146653 .3312289 
 .8414707 .5908842 
 .3767972 .1397144 
 .8604567 .6326214 
 .6083961 .1742635 
 .7338251 .0049132 
 .5923938 .2523073 
 .5318904 .6708915 
 .6022675 .0820649 
 .1207128 .2701290 
 .3635277 .1221325 
 .8522952 .7047590 
 .0966330 .3223017 
 .1408907 .0915520 
 .7825336 .6358902 
 .5509139 .8295527 
 .8970392 .5447694 
 .3475213 .1605189 
 .9073398 .1069082 
 .0977871 .3342219 
 .8484420 .8358885 
 .6124381 .5396944 
 .5216569 .1032694 
 .2267486 .2712793 
 .1917715 .2061737 
 .2633241 .8468691 
 .7017798 .6898076 
 .8155413 .4045698 
 .9592272 .3211005 
 .2422567 .8301943 
 .7489645 .0760365 
 .6634588 .6060334 
 .4535926 .8678241 
 .1717272 .3532878 
 .8627439 .1816091 
 .4920744 .6359095 
 .8607622 .4072387 
 .6868995 .1094231 
 .1219572 .0254347 
 .6547751 .9791134 
 .4235823 .8928955 
 .2405285 .5597980 
 .9066697 .1141127 
 .5759749 .0237942 
 .3590127 .2453290 
 .8096159 .6416586 
 .8355694 .1498754 
 .8510371 .3563674 
 .8295214 .4523729 
 .5305372 .7178366 
 .6098309 .3977584 
 .2230930 .3105945 
 .7835321 .6230780 
 .2620277 .0400382 
 .8458441 .9462544 
 .3130988 .1465650 
 .3586510 .2548754 
 .4230759 .6740056 
 .0456113 .8652327 
 .0146305 .3487151 
 .7953029 .6806595 
 .1754248 .3854515 
 .2950234 .9094411 
 .8750718 .5203022 
 .4373165 .2444981 
 .1180391 .4114502 
 .0966307 .9354355 
 .5700063 .2150313 
 .3999018 .2117050 
 .1335553 .3427478 
 .9349306 .5943170 
 .7377821 .7848143 
 .8643715 .7510460 
 .8743825 .5182386 
 .7386014 .1321834 
 .9763725 .9359223 
 .7128616 .5338753 
 .5987839 .3836320 
 .3455177 .2747381 
 .7148136 .1740725 
 .3452163 .5770362 
 .6649202 .1921190 
 .3927865 .1920250 
 .9566550 .6822744 
 .0241046 .9133863 
 .9634955 .2256263 
 .7454546 .4337959 
 .5530158 .4135379 
 .9733459 .5058418 
 .9173026 .3910285 
 .6439375 .4955413 
 .6979959 .2938304 
 .7083246 .5278655 
 .3986170 .5964701 
 .1916335 .3197523 
 .7493480 .4189497 
 .7062837 .7153542 
 .0130515 .7387289 
 .6205854 .5565088 
 .2624699 .9922596 
 .5281902 .9519135 
 .6711335 .4333355 
 .9644654 .8020232 
 .2859378 .4885207 
 .8827737 .5815375 
 .2165267 .7949444 
 .3345601 .3032978 
 .5019520 .1423231 
 .8772453 .1497451 
 .1024744 .6262314 
 .9358413 .7615864 
 .7052267 .3479168 
 .8281085 .3562508 
 .7056985 .2993767 
 .2766135 .8868828 
 .3990102 .9205104 
 .5093831 .9592862 
 .8396422 .4149720 
 .7166356 .2501876 
 .9470782 .4073939 
 .5944665 .2037124 
 .3766036 .9989711 
 .5650209 .7498388 
 .7556987 .7505211 
 .3017654 .0521001 
 .6109620 .5490859 
 .3806247 .6527209 
 .3697249 .5904684 
 .8831342 .0799827 
 .0933555 .6678107 
 .9440362 .6906991 
 .1521265 .3649682 
 .5980663 .3535195 
 .1383239 .3200381 
 .5616971 .0871577 
 .3764277 .0934965 
 .1954878 .9398386 
 .0555883 .9290118 
 .9290754 .6580494 
 .0966762 .3526759 
 .6789111 .9073579 
 .3777950 .5751427 
 .7212294 .2763996 
 .0697229 .4355352 
 .2596103 .7554162 
 .9552058 .4879962 
 .3955036 .0087332 
 .2897488 .0509492 
 .9063894 .1695767 
 .7604760 .8225391 
 .3825030 .1264303 
 .3551328 .1578633 
 .7794175 .8309957 
 .5943137 .3865162 
 .9079007 .9645433 
 .9229079 .6421884 
 .0895138 .7152821 
 .6054761 .5366086 
 .1290374 .2451407 
 .9162131 .5325339 
 .5531695 .8983037 
 .6362068 .8868056 
 .0866805 .0017753 
 .9353000 .3142250 
 .6175021 .3434268 
 .8768827 .7732046 
 .1637139 .6362037 
 .4828145 .6393367 
 .0082415 .4767088 
 .1612890 .5952334 
 .3089383 .9080168 
 .1492253 .3437525 
 .9077560 .5635926 
 .4566000 .2040727 
 .2255659 .8023721 
 .8144314 .1705420 
 .1990298 .9826844 
 .6997997 .4348341 
 .0404020 .2405481 
 .2067334 .9622288 
 .7154126 .4492271 
 .1049312 .6798352 
 .6611096 .4925758 
 .8205132 .3228043 
 .3148667 .0729133 
 .4132213 .0760898 
 .0953618 .9207292 
 .2291194 .8636235 
 .8513426 .8417111 
 .2807814 .4309153 
 .4470913 .3271924 
 .2396146 .1355979 
 .7448216 .7054114 
 .0962445 .4353400 
 .1214535 .6987483 
 .1211961 .2133864 
 .8554711 .8896310 
 .9933525 .0157747 
 .9615255 .5358673 
 .2992575 .6355613 
 .7462603 .4030428 
 .6711637 .8501921 
 .6061699 .2231064 
 .4422156 .0180116 
 .1722960 .9076309 
 .8572092 .1258423 
 .2998985 .0422568 
 .7783820 .1461250 
 .7640401 .2038028 
 .8465803 .5413103 
 .7019762 .4492136 
 .7653171 .7145722 
 .3754780 .5392203 
 .5225878 .3565059 
 .9334141 .1300704 
 .8942590 .1217972 
 .4472144 .7822436 
 .6122873 .9699551 
 .1669038 .1214711 
 .4473747 .8396008 
 .9883779 .2079118 
 .6528249 .0535443 
 .5061543 .9247873 
 .4357420 .8664825 
 .4101220 .2264178 
 .2422099 .7006509 
 .7174972 .0632151 
 .7311205 .6366905 
 .4474173 .8410633 
 .6207799 .3443731 
 .5680317 .9254213 
 .5647311 .4952090 
 .7847360 .9547136 
 .4772790 .3783547 
 .0909902 .0088969 
 .1014183 .4621921 
 .7551346 .8508009 
 .0961266 .4634808 
 .0404073 .8207092 
 .7077244 .4986391 
 .6111480 .2569586 
 .5601098 .4295023 
 .1135848 .7128738 
 .8175630 .8483813 
 .3698152 .3563968 
 .6953892 .4814283 
 .2112498 .8240990 
 .9593338 .2697376 
 .1130613 .9441656 
 .7933637 .0963059 
 .0717092 .0691876 
 .5434795 .0834723 
 .8785679 .6324771 
 .8665974 .5467892 
 .0567111 .7619111 
 .4196369 .9519737 
 .9051698 .5912962 
 .2936653 .4136796 
 .6831290 .9767028 
 .9976978 .1678514 
 .0007235 .7674344 
 .1804351 .7504030 
 .6859917 .1490484 
 .8872431 .9684309 
 .1792957 .8574168 
 .6129521 .7381657 
 .9647868 .6839824 
 .5449783 .0059072 
 .4684313 .5164214 
 .1997592 .7213192 
 .7063737 .4866310 
 .3299470 .5911999 
 .9161625 .3676222 
 .8991304 .4382385 
 .2942462 .3482743 
 .6514621 .6928306 
 .3313276 .3332984 
 .0993618 .0638048 
 .3052937 .0159286 
 .5548448 .9104304 
 .1696779 .6411023 
 .2679128 .3553607 
 .9616129 .5429846 
 .1252224 .7557608 
 .2321510 .5659121 
 .2078516 .7447919 
