 1 
 500 
 .6998242 .2934860 
 .6453026 .1774697 
 .0222635 .4361487 
 .9914208 .6831918 
 .8309740 .7718874 
 .0321672 .4106551 
 .4555791 .6676486 
 .0618490 .5308158 
 .7370762 .7999807 
 .4492523 .6361374 
 .6117380 .5487098 
 .4621462 .4631818 
 .9014286 .1461287 
 .2920722 .3906035 
 .1005997 .2600176 
 .7813896 .0767280 
 .0813461 .2836225 
 .6535140 .3025084 
 .2775693 .8877725 
 .6926866 .0077302 
 .7801567 .9104140 
 .7528541 .2953941 
 .2873114 .4052553 
 .3252320 .4132955 
 .1054006 .0697274 
 .4772661 .9224544 
 .1710966 .1863615 
 .2959154 .8862733 
 .8378186 .9417418 
 .7168510 .3566353 
 .0986949 .2716898 
 .1772108 .0256418 
 .8521206 .3960650 
 .4593753 .9238455 
 .2896338 .5647928 
 .1507399 .6847097 
 .7219304 .2892519 
 .2710608 .3051316 
 .0675475 .9682374 
 .9435535 .5952517 
 .4077129 .2611524 
 .8249243 .6469534 
 .7452495 .1761470 
 .8668340 .6164803 
 .3678917 .4284028 
 .5483225 .8069758 
 .6670650 .4219321 
 .8743769 .2835367 
 .2497739 .8929087 
 .2465146 .8260767 
 .7388694 .9369481 
 .0308660 .6309630 
 .5083053 .3776970 
 .7192092 .4555494 
 .1551825 .2078467 
 .6276141 .4424031 
 .8670831 .5720455 
 .9222200 .1817606 
 .7865749 .3274220 
 .4060944 .1285566 
 .4774627 .9123315 
 .1365107 .6788064 
 .8195508 .8157826 
 .9472487 .3611955 
 .9479991 .5445699 
 .8920653 .9829884 
 .7449752 .2457103 
 .2572090 .3918295 
 .1078700 .1091457 
 .0541773 .9212157 
 .6700222 .8381016 
 .9277309 .6593939 
 .4343349 .7577725 
 .5149053 .4387178 
 .1825258 .9004140 
 .9722901 .8421076 
 .5156902 .4572445 
 .3426025 .4597357 
 .6255209 .5630753 
 .5364494 .9344368 
 .7375860 .1540778 
 .0275793 .7781388 
 .6436697 .7258423 
 .1537627 .2308767 
 .5719772 .7686688 
 .6221186 .2131983 
 .2421733 .4581271 
 .0661355 .2740465 
 .4143881 .2571299 
 .1082163 .8790264 
 .3526758 .3043418 
 .3502194 .8753746 
 .8565747 .1234911 
 .2365793 .9044748 
 .0295735 .0273418 
 .1890741 .2424312 
 .5980767 .7844910 
 .3655649 .3035644 
 .9040494 .2800803 
 .6009871 .0477472 
 .8915563 .0837092 
 .4889066 .9348013 
 .4020576 .5276178 
 .2849957 .9497395 
 .4832269 .0213245 
 .6762242 .6010153 
 .4863902 .2486610 
 .9653141 .6271445 
 .4510829 .4103139 
 .5604740 .3296366 
 .3118639 .0278372 
 .7145253 .8141413 
 .1600456 .6894404 
 .2916499 .7366103 
 .1865723 .6069417 
 .2080496 .1241305 
 .7445490 .5179055 
 .5362041 .1154279 
 .6110520 .2954274 
 .7100633 .6259109 
 .0954926 .0460774 
 .6368106 .5060353 
 .9211218 .3474341 
 .8136936 .1867833 
 .2698971 .9012343 
 .9572527 .4866610 
 .1890567 .9946918 
 .5559726 .5228871 
 .5580050 .9467952 
 .7223698 .7948871 
 .5416663 .7816578 
 .5006909 .6978591 
 .1339714 .7680399 
 .3231572 .1225672 
 .9327528 .6812820 
 .7299470 .4866853 
 .2827008 .6068542 
 .0922680 .5424767 
 .6613318 .1768253 
 .4078431 .5723958 
 .6367888 .1125639 
 .9653215 .0128645 
 .5559026 .0771876 
 .6774375 .9690365 
 .6739350 .7954557 
 .2285806 .2693513 
 .7489623 .2902311 
 .1247166 .3651309 
 .9166001 .4641120 
 .7137151 .1519067 
 .3448656 .1106194 
 .8910089 .2576278 
 .8420850 .1972190 
 .3355257 .0279138 
 .0380358 .7857212 
 .7379176 .7971095 
 .4526178 .5450395 
 .7786587 .4606151 
 .8674408 .2051593 
 .9665038 .1908208 
 .7714392 .6752698 
 .4244975 .6355116 
 .7971531 .5166181 
 .0651131 .3108555 
 .2222842 .0725362 
 .2695742 .2955697 
 .6917200 .3025530 
 .3078879 .8306211 
 .9160639 .1703142 
 .6220002 .0493726 
 .5089743 .6594753 
 .2486703 .7634838 
 .3099564 .9385844 
 .7725712 .9046321 
 .1618259 .1035207 
 .1526522 .7032752 
 .5205245 .9700751 
 .6223573 .7427601 
 .5044764 .6830370 
 .8807893 .3671257 
 .7638814 .0024660 
 .4087474 .1884777 
 .2774090 .0109601 
 .5896467 .2168690 
 .9623341 .0834644 
 .2070708 .9417250 
 .5994092 .1367784 
 .8320068 .9860443 
 .4983382 .7301938 
 .7950764 .1274107 
 .7237804 .2599165 
 .2412204 .8653039 
 .4130067 .4538662 
 .7527068 .5818279 
 .2798232 .2434002 
 .9549421 .8998145 
 .0378198 .9152413 
 .3297586 .2328373 
 .0995537 .7186965 
 .2815441 .8280239 
 .1145882 .7459069 
 .6491801 .8442070 
 .9835442 .2796539 
 .8351634 .1419420 
 .9001322 .7149459 
 .2239095 .3827722 
 .3886718 .8454982 
 .4629880 .5748708 
 .5685409 .4400862 
 .5503159 .1303667 
 .0244714 .7298718 
 .7610480 .5232969 
 .4152841 .2369620 
 .7014618 .4007530 
 .7236933 .2849348 
 .8224329 .0854401 
 .9338572 .9696450 
 .3785599 .3350624 
 .7065711 .1965775 
 .0845112 .4497371 
 .7770421 .9101370 
 .7891546 .7375384 
 .4872143 .5888255 
 .7393865 .2923150 
 .9312762 .6340440 
 .0057156 .2766547 
 .1744442 .0525506 
 .1444796 .6432959 
 .1240276 .8741865 
 .1184857 .6149639 
 .7982992 .5456287 
 .0177821 .3575515 
 .5504788 .0234287 
 .5315812 .1443113 
 .5473402 .8187226 
 .9249841 .8763088 
 .4472297 .6225431 
 .1615021 .9913316 
 .4307965 .6028931 
 .6633342 .3917910 
 .8571366 .6884562 
 .0823614 .8214274 
 .8834934 .2522772 
 .6197462 .8278552 
 .1208084 .1327544 
 .3223029 .7077068 
 .2104149 .8671015 
 .0283245 .2253745 
 .1966894 .7898581 
 .0507305 .9446436 
 .5216568 .1293306 
 .2751336 .1718890 
 .8530645 .7188048 
 .3061304 .1744995 
 .9374333 .1652816 
 .9956963 .8408341 
 .0917259 .4621142 
 .6994207 .5578337 
 .3467077 .7065671 
 .6833604 .0064348 
 .8544507 .8397355 
 .1879241 .9577027 
 .8819210 .6527601 
 .8743289 .0761361 
 .1298428 .6256136 
 .0502099 .2204378 
 .5262015 .8462053 
 .6978063 .7332217 
 .0194976 .0989389 
 .6022125 .6241649 
 .8983430 .4514339 
 .6773698 .2080513 
 .1388581 .9816761 
 .9801865 .4295173 
 .2647463 .7886681 
 .1423293 .4971335 
 .9195321 .6685020 
 .4762178 .2052697 
 .2064242 .8029341 
 .4554978 .0250268 
 .9462521 .9248103 
 .4471629 .2149042 
 .1230765 .5573340 
 .4864486 .2948469 
 .4030606 .3729732 
 .7280483 .6384003 
 .8851495 .2210571 
 .3569933 .9989359 
 .0197126 .1065835 
 .7661154 .7668224 
 .4486972 .9797428 
 .4582706 .8620351 
 .6006942 .6669278 
 .3518543 .5455600 
 .1267724 .1278392 
 .0864899 .1650784 
 .2856581 .3854771 
 .8585247 .9553538 
 .4649766 .3096317 
 .7670348 .4485102 
 .1314894 .7407080 
 .3118209 .7085280 
 .2977095 .4576479 
 .4342823 .3198090 
 .4226147 .8971039 
 .3964905 .6011251 
 .5655606 .4341763 
 .1071536 .5906805 
 .3075797 .9887111 
 .6668751 .5999222 
 .8531941 .7136664 
 .5480672 .1451670 
 .9263218 .9791616 
 .7634981 .3565914 
 .3609845 .6508118 
 .6156212 .9906968 
 .1339738 .0746016 
 .3479789 .3295450 
 .1525647 .9611451 
 .6189888 .8698837 
 .2434406 .6854975 
 .7537094 .0572890 
 .0243572 .9980091 
 .9546662 .6116639 
 .9003940 .8278227 
 .0098874 .3653887 
 .2220634 .2417961 
 .6538680 .0761410 
 .2707421 .6236596 
 .9316542 .4024348 
 .4829924 .1243811 
 .1915244 .0982906 
 .1620312 .2057809 
 .3792429 .3886724 
 .5120188 .8937051 
 .0054865 .2614568 
 .5166476 .8503090 
 .5741976 .8242464 
 .0028620 .6804943 
 .6472049 .6323548 
 .9060911 .5560796 
 .5208832 .6422883 
 .6952891 .2611361 
 .3328038 .7650738 
 .2219988 .5588691 
 .1166574 .4053577 
 .7127473 .2177598 
 .8861255 .3323582 
 .7010055 .4131772 
 .4442374 .1320305 
 .5538396 .2786035 
 .6629805 .6682232 
 .7369299 .2937850 
 .0249465 .7037049 
 .6149621 .5787804 
 .0184923 .3067446 
 .6251857 .0638428 
 .4716840 .0399826 
 .0003299 .4135866 
 .2270824 .2776422 
 .4507202 .4257704 
 .0156166 .3442588 
 .6295225 .7635267 
 .4872984 .4700587 
 .7721913 .1157870 
 .7907479 .7094383 
 .2815864 .4522619 
 .7413427 .8017169 
 .5714983 .6224155 
 .5456763 .2369775 
 .2186404 .2557190 
 .5118172 .2314183 
 .1291897 .3038407 
 .6120096 .5607295 
 .4108337 .6126281 
 .8058547 .8286287 
 .0526760 .0485304 
 .4940605 .2803549 
 .1384129 .7937891 
 .3594638 .1646771 
 .6255829 .7680580 
 .3546025 .2973389 
 .8755619 .4693984 
 .0925714 .2158761 
 .9629856 .0306013 
 .9566243 .4099395 
 .8645844 .5707972 
 .6179016 .7696511 
 .1486734 .0381177 
 .2811730 .7616696 
 .6679025 .1750358 
 .9944874 .0005500 
 .5969951 .9197317 
 .0765381 .8511997 
 .2392563 .8476785 
 .6392676 .4337843 
 .3232483 .9583992 
 .0041787 .7998487 
 .6843897 .4613050 
 .4078764 .9397341 
 .6229773 .8874458 
 .8319577 .4361091 
 .8854186 .9641954 
 .3283916 .7036301 
 .8519522 .7881067 
 .2853993 .4949387 
 .5419816 .9057183 
 .3194609 .2904095 
 .5650079 .3887277 
 .7028446 .8428275 
 .9361791 .7319699 
 .4468849 .9755205 
 .2133282 .7108173 
 .5505353 .1279324 
 .8572158 .9472479 
 .8703888 .4382341 
 .9161662 .0266722 
 .1388121 .6178535 
 .6255641 .1939700 
 .6049733 .7148011 
 .5143982 .9878281 
 .5407701 .2259055 
 .0353748 .1356815 
 .5688910 .9845756 
 .1797149 .5531217 
 .7498716 .8400214 
 .2877674 .7348277 
 .1129486 .3130049 
 .2946602 .9896771 
 .5231693 .0567030 
 .6165365 .0989949 
 .3234961 .9011702 
 .1351333 .7396650 
 .1419542 .2857201 
 .3117209 .5263606 
 .8641148 .6923403 
 .0783765 .3402126 
 .4817933 .9295335 
 .2253839 .7131177 
 .9686768 .3617843 
 .6258788 .8533716 
 .3190830 .9547069 
 .5978626 .2926752 
 .4211031 .7668695 
 .4720276 .4075871 
 .7113977 .6608464 
 .1716500 .9584660 
 .9548024 .8602524 
 .1657525 .4716377 
 .5740702 .8158924 
 .0639771 .3792232 
 .4774316 .8697505 
 .6038071 .3765494 
 .2355968 .5648683 
 .7480728 .9476188 
 .8742734 .2242673 
 .6607425 .3705190 
 .7896155 .6324709 
 .7469827 .1101901 
 .8661831 .2559188 
 .7020333 .1364108 
 .4713643 .3281712 
 .2727340 .6085101 
 .4957128 .1342973 
 .5432214 .2209241 
 .0716787 .7257714 
 .0475419 .4185873 
 .2876782 .7895836 
 .6093509 .2190599 
 .5617481 .1276501 
 .9226582 .5075158 
 .9780887 .7570049 
 .6153720 .8270444 
 .6370040 .5372047 
 .6643678 .7334246 
 .9280170 .9259134 
 .0295993 .0214017 
 .7986715 .3512834 
 .4055472 .2968063 
 .9366438 .1025434 
 .8987163 .6413958 
 .8766687 .8476810 
 .7651040 .1083387 
 .1403645 .0962865 
 .3042218 .5465953 
 .5576988 .2810511 
 .5165231 .2703427 
 .0325063 .7151041 
 .7866238 .2908459 
 .5175326 .5138729 
 .9406511 .5760503 
 .3608561 .6064797 
 .5150904 .8984648 
 .1666373 .0973867 
 .6267572 .5128903 
 .7578581 .3060918 
 .7966724 .8480038 
 .8034629 .5806996 
 .4898153 .7130274 
 .4309965 .1571732 
