30
100
   0.2747456   0.0464678
   0.9927552   0.0800304
   0.1476888   0.0796447
   0.2805665   0.4484554
   0.4982478   0.8940019
   0.0156746   0.2746502
   0.9714187   0.2212781
   0.4164951   0.2561370
   0.3634193   0.2718471
   0.4159668   0.2562429
   0.3028505   0.4612696
   0.4511670   0.2853909
   0.0763532   0.8217415
   0.9652387   0.3917417
   0.3736224   0.9697014
   0.4773686   0.6483680
   0.0161692   0.4701239
   0.7283985   0.1638580
   0.5497685   0.0089649
   0.6123134   0.0480164
   0.9029668   0.6279880
   0.3226666   0.8743855
   0.8492662   0.7391617
   0.1305225   0.2126855
   0.0110088   0.5464893
   0.4689284   0.3138593
   0.0077590   0.9200954
   0.5992502   0.0841122
   0.7418369   0.5644889
   0.4758539   0.1154593
   0.5341904   0.9532225
   0.7638273   0.5503595
   0.4233464   0.4922258
   0.7142175   0.9731149
   0.5011907   0.3265309
   0.0211313   0.4041576
   0.9545190   0.3437979
   0.2785431   0.8037852
   0.0829596   0.4090657
   0.0164706   0.0939683
   0.9555550   0.4853991
   0.4078276   0.9633139
   0.4054944   0.0070778
   0.0474261   0.1473313
   0.5715667   0.5232800
   0.2627906   0.1057571
   0.4765025   0.0266180
   0.6561166   0.8998489
   0.5188438   0.3703341
   0.8729638   0.0200345
   0.6968651   0.8940951
   0.4241921   0.6513841
   0.2378930   0.7027352
   0.4551692   0.3208525
   0.1118008   0.4716399
   0.4148209   0.0673558
   0.9570389   0.8226485
   0.0306697   0.3625333
   0.8297262   0.0780958
   0.5098646   0.4012929
   0.6013758   0.7726553
   0.5070500   0.0778783
   0.7992732   0.1631666
   0.9777272   0.3181170
   0.5335008   0.8506910
   0.3381515   0.2303658
   0.7447861   0.7623436
   0.8817499   0.9826791
   0.4650788   0.3369191
   0.3035316   0.5768796
   0.8085590   0.7183524
   0.6442354   0.7655979
   0.5410009   0.6749051
   0.1281312   0.3707271
   0.7530010   0.6379958
   0.7720201   0.3543768
   0.4106511   0.2790701
   0.4322551   0.2099244
   0.4422367   0.4099823
   0.5280414   0.9757374
   0.2606733   0.8661929
   0.2061033   0.0054594
   0.6285365   0.0878532
   0.9881385   0.0936153
   0.4247723   0.2916701
   0.6704949   0.2333312
   0.0100225   0.3147303
   0.9989291   0.5510234
   0.9896355   0.1270603
   0.9217506   0.7426365
   0.7650561   0.6937706
   0.0970132   0.1757072
   0.9728407   0.5292683
   0.3856316   0.4150774
   0.9392507   0.9136729
   0.3908149   0.1999240
   0.7798658   0.5969182
   0.2053834   0.4084023
   0.6847713   0.1935219
   0.5020176   0.1095436
100
   0.4851921   0.1725126
   0.3428749   0.4952146
   0.4872429   0.3418040
   0.0462380   0.4768784
   0.4688642   0.9679886
   0.2195149   0.2339204
   0.6617593   0.3165281
   0.4096276   0.6346000
   0.8457964   0.7952592
   0.0496774   0.7850471
   0.7089321   0.4404923
   0.9849711   0.4887980
   0.0374105   0.1903545
   0.8972003   0.7221818
   0.3838765   0.3992179
   0.8317254   0.8690685
   0.5717305   0.1746003
   0.3642831   0.0589734
   0.5164042   0.4105211
   0.5358518   0.9852685
   0.3785097   0.7553667
   0.2191888   0.0402690
   0.0718948   0.6288164
   0.6748690   0.9176912
   0.4240756   0.7245464
   0.7027383   0.1330077
   0.1650387   0.6877094
   0.6218057   0.2024491
   0.8780639   0.5190060
   0.9246309   0.2619404
   0.9182239   0.7563563
   0.1310089   0.4899544
   0.9309566   0.4952920
   0.5489278   0.4473608
   0.9058132   0.0847797
   0.4326293   0.2843229
   0.8401464   0.6518181
   0.3245919   0.9120411
   0.2806345   0.9994609
   0.8297324   0.7047101
   0.7240073   0.5324707
   0.8377178   0.8890460
   0.2201801   0.4595235
   0.0914951   0.0982441
   0.9785295   0.0161261
   0.3601845   0.8967534
   0.7724824   0.4911934
   0.3867078   0.7034390
   0.9864854   0.9356357
   0.1507999   0.8922986
   0.0204153   0.5834292
   0.1766215   0.8605617
   0.2352473   0.5012135
   0.7726028   0.5158818
   0.5006744   0.6023352
   0.2205920   0.2246817
   0.1348059   0.0583098
   0.1137277   0.3549861
   0.5178333   0.2052228
   0.4532301   0.4963628
   0.2213489   0.8134146
   0.3931162   0.9938313
   0.3046080   0.7798240
   0.6972703   0.2910935
   0.7154597   0.8480702
   0.1833921   0.7358750
   0.4314993   0.3600136
   0.5964367   0.6667466
   0.8612271   0.3690395
   0.1826285   0.3619015
   0.9713748   0.4032204
   0.5865832   0.1061807
   0.4615302   0.7003108
   0.4611667   0.9793635
   0.9055337   0.9143969
   0.4757263   0.1268825
   0.7278115   0.8688425
   0.1207138   0.0324195
   0.6486665   0.8179841
   0.3235130   0.3641262
   0.6660543   0.5069050
   0.1000012   0.0975536
   0.8669187   0.6964379
   0.7643003   0.7281458
   0.0654774   0.9469287
   0.0900472   0.0368522
   0.3501492   0.6766304
   0.1430329   0.8116794
   0.3769412   0.6041996
   0.7910429   0.2824749
   0.5185965   0.2667693
   0.4093574   0.2464080
   0.1356118   0.5300713
   0.2788275   0.7842783
   0.3480554   0.6023405
   0.1484045   0.0141097
   0.1092455   0.2484057
   0.1116634   0.9761642
   0.9448436   0.8759636
   0.7043099   0.0103210
100
   0.8228924   0.7943571
   0.0471732   0.1730415
   0.4709875   0.1902061
   0.9847209   0.8479288
   0.7944057   0.7757638
   0.1304037   0.3130022
   0.0425331   0.5397611
   0.5594102   0.1781449
   0.0698324   0.8382377
   0.9624232   0.4178878
   0.4405782   0.1108277
   0.4319975   0.5498237
   0.3592334   0.5436609
   0.5259878   0.3040770
   0.4196245   0.2302977
   0.3143981   0.2425169
   0.0246549   0.3615713
   0.4155584   0.4956424
   0.5517774   0.4002793
   0.3435712   0.3461831
   0.1760431   0.4739749
   0.6591852   0.2185762
   0.0137360   0.2185954
   0.3967211   0.0835684
   0.0568331   0.3591443
   0.5014563   0.4974113
   0.4699721   0.9334538
   0.0472350   0.8292055
   0.4771147   0.5732228
   0.1332825   0.8967392
   0.8035205   0.4476806
   0.1392560   0.8281754
   0.8092519   0.5548144
   0.3238178   0.3610292
   0.9550937   0.6673891
   0.7072123   0.1311368
   0.1413639   0.3663975
   0.3497130   0.1551000
   0.5849930   0.7464341
   0.2386684   0.6418261
   0.1055784   0.7401247
   0.1392374   0.5755505
   0.6735785   0.1864724
   0.4047560   0.1506931
   0.7596952   0.5380386
   0.0474323   0.5632157
   0.9857192   0.1866883
   0.3913911   0.7949710
   0.7415027   0.7152090
   0.1560003   0.6965964
   0.3825980   0.8632126
   0.8277331   0.5239620
   0.2296101   0.1774461
   0.6790620   0.8146031
   0.9238802   0.9177304
   0.4564292   0.0294586
   0.6578551   0.5956666
   0.6050091   0.3314336
   0.7821390   0.0097651
   0.4821267   0.5418341
   0.5478037   0.5295590
   0.1050499   0.5335228
   0.7162473   0.4964410
   0.3284939   0.4577501
   0.2116499   0.4844941
   0.1543464   0.5942480
   0.3477067   0.9820795
   0.1182099   0.5773168
   0.1595256   0.7972719
   0.3919199   0.0834058
   0.7150023   0.8483490
   0.1128644   0.3728574
   0.4440156   0.7178735
   0.7042909   0.2261546
   0.7276387   0.1864176
   0.7679887   0.2754424
   0.7159767   0.8730386
   0.8089652   0.4322240
   0.3694796   0.1374591
   0.8899741   0.5811295
   0.6219532   0.0443205
   0.1753775   0.9696599
   0.0264000   0.2935874
   0.5469767   0.1859256
   0.0908593   0.9388966
   0.2693314   0.8058616
   0.7872456   0.3821958
   0.1787189   0.2312612
   0.1000693   0.8830098
   0.4574158   0.8277080
   0.0694275   0.2254045
   0.1031504   0.7854041
   0.0984431   0.9121156
   0.2176281   0.4679227
   0.0495747   0.1076022
   0.0490522   0.6715279
   0.1519227   0.2244297
   0.6411878   0.1783227
   0.5180171   0.1881645
   0.3642482   0.6088764
100
   0.1270611   0.6335796
   0.4147379   0.9143067
   0.0157754   0.5934568
   0.1455679   0.1158447
   0.4764667   0.6029837
   0.9435527   0.5458941
   0.8283882   0.0467031
   0.3312983   0.9268314
   0.9588187   0.5489264
   0.3947541   0.0083934
   0.6565286   0.4438063
   0.6799213   0.8084513
   0.6682360   0.3211091
   0.9867740   0.1862530
   0.5092736   0.3510222
   0.7951294   0.6363347
   0.9846018   0.2098673
   0.5506414   0.0003772
   0.8033242   0.6962092
   0.1162219   0.2797908
   0.2991929   0.0597747
   0.8256850   0.1275811
   0.1064778   0.1569832
   0.0544125   0.0652965
   0.7059097   0.4491666
   0.0736898   0.3624383
   0.8929728   0.7536111
   0.1708896   0.5612088
   0.0747202   0.1576635
   0.7474618   0.5839938
   0.5086857   0.5425912
   0.2203284   0.4932876
   0.7524585   0.7709698
   0.4936648   0.5557827
   0.4671790   0.6098867
   0.8355735   0.7663719
   0.6696614   0.6612585
   0.8939531   0.7761392
   0.8182417   0.9483656
   0.8414356   0.5241514
   0.3975321   0.9151255
   0.8865897   0.2905050
   0.6687366   0.0574793
   0.8517137   0.7434567
   0.2151428   0.5991756
   0.3274505   0.7238285
   0.1417668   0.5477789
   0.2171161   0.8942253
   0.3187487   0.7107809
   0.4500080   0.7859278
   0.3206676   0.2855815
   0.5522997   0.9903289
   0.9468400   0.4462528
   0.7664681   0.7650817
   0.3946184   0.6079038
   0.2892331   0.7921505
   0.5230292   0.1758228
   0.0826555   0.1917658
   0.2333020   0.9343692
   0.9352225   0.4484448
   0.5335448   0.2626730
   0.1722734   0.6753116
   0.8104520   0.3893894
   0.5695369   0.1292007
   0.1001703   0.0195449
   0.9151285   0.4208379
   0.3051264   0.4674282
   0.4111668   0.2519664
   0.9136811   0.1776349
   0.0170482   0.3082995
   0.7855387   0.3062813
   0.1004500   0.3085679
   0.4821041   0.1831055
   0.5003337   0.7154061
   0.1174748   0.4355562
   0.1638509   0.6510196
   0.6982293   0.3361243
   0.3263312   0.5086812
   0.7255137   0.8958680
   0.6378820   0.8256840
   0.9154129   0.5530105
   0.2465218   0.2205394
   0.0204387   0.6576886
   0.4725058   0.9341198
   0.8353235   0.4895540
   0.2424192   0.6208622
   0.7958353   0.3428693
   0.9294301   0.2779393
   0.5259748   0.4297638
   0.9933454   0.6434496
   0.8653200   0.1571963
   0.2944691   0.5635493
   0.4933206   0.6208003
   0.0722305   0.2188343
   0.5166683   0.7101124
   0.0445182   0.4320813
   0.2631229   0.2910401
   0.6526206   0.2835616
   0.9487287   0.1251265
   0.2176814   0.7840523
100
   0.6146805   0.4601006
   0.4049145   0.4105157
   0.8029699   0.3343445
   0.6884551   0.3289447
   0.7641083   0.6818005
   0.9723942   0.6294283
   0.8389968   0.2668633
   0.1929776   0.3323174
   0.8876636   0.2652081
   0.5511516   0.4043319
   0.9753205   0.5956699
   0.8364132   0.2384434
   0.8867100   0.4890338
   0.5220050   0.8354387
   0.6141603   0.7396864
   0.6194909   0.2288408
   0.1997870   0.0244054
   0.6393565   0.0027569
   0.3587499   0.3278116
   0.3317015   0.1228582
   0.0096121   0.3040957
   0.7522866   0.8486089
   0.5709591   0.9452642
   0.1809263   0.4586227
   0.2104723   0.7320779
   0.8629546   0.1857928
   0.3277478   0.6993678
   0.4242362   0.2144577
   0.1884017   0.9462412
   0.0498964   0.8025620
   0.6859276   0.6693873
   0.0314028   0.8857146
   0.6937927   0.6707593
   0.8884715   0.0525426
   0.9985709   0.2201730
   0.1754009   0.0081830
   0.5242688   0.9276875
   0.8567919   0.0952278
   0.8729516   0.0377182
   0.5538505   0.0834239
   0.7697961   0.4168051
   0.2692167   0.0975439
   0.1161730   0.6934529
   0.3120016   0.3045746
   0.6396941   0.3618980
   0.1071366   0.3256217
   0.0312853   0.1385394
   0.2113363   0.7250781
   0.8092987   0.0998078
   0.7776207   0.8078696
   0.3199808   0.9530216
   0.8160526   0.8442496
   0.8807090   0.6728445
   0.9394775   0.7536606
   0.7105628   0.4933280
   0.8370845   0.4803589
   0.9101331   0.1063012
   0.5779028   0.0263061
   0.7997540   0.8899044
   0.3308807   0.4394481
   0.2518024   0.4380174
   0.7650698   0.2830877
   0.5765568   0.9764061
   0.0081658   0.3858554
   0.0762139   0.7857865
   0.1937250   0.3961947
   0.7388080   0.0097776
   0.2404443   0.6195170
   0.6826222   0.1799218
   0.3731777   0.3931849
   0.6732498   0.2102622
   0.8735438   0.5833829
   0.3165634   0.4514465
   0.6096890   0.1163174
   0.3413509   0.9405697
   0.5557655   0.5931533
   0.3785871   0.3208352
   0.8762410   0.9551439
   0.2972413   0.8844068
   0.3409993   0.3734551
   0.6701933   0.5347243
   0.7696498   0.4090013
   0.5445019   0.0100942
   0.0285183   0.2271241
   0.1900159   0.4016960
   0.6203090   0.8632657
   0.6119582   0.4938528
   0.4466486   0.9285215
   0.9452994   0.0563376
   0.0448389   0.2866503
   0.9969073   0.6006044
   0.8798035   0.3754944
   0.9214396   0.7560446
   0.3306382   0.2186809
   0.6404514   0.6716375
   0.5921360   0.3106446
   0.2063618   0.3617859
   0.7196459   0.7508638
   0.3718800   0.7481643
   0.9779879   0.5618960
100
   0.1498603   0.5982969
   0.4251616   0.7618185
   0.0921497   0.8718102
   0.6903400   0.0374491
   0.9281477   0.7351790
   0.3240993   0.9250550
   0.3357833   0.2039029
   0.3005494   0.2572229
   0.9599474   0.6311877
   0.4759038   0.6003988
   0.3028252   0.0680398
   0.9110434   0.5091870
   0.4298257   0.6306894
   0.2600508   0.8017057
   0.3788537   0.2380387
   0.3636017   0.5287140
   0.8363356   0.7887633
   0.2905325   0.9284854
   0.6605735   0.9808725
   0.9659344   0.5887212
   0.7160515   0.2900338
   0.5137763   0.0518348
   0.4939367   0.8143257
   0.3090577   0.4538841
   0.4455134   0.7849615
   0.0542829   0.7483386
   0.8530013   0.9653264
   0.2575256   0.2828270
   0.5960157   0.5175764
   0.0845328   0.9748694
   0.7556151   0.4481345
   0.5035834   0.5919507
   0.2368978   0.7941159
   0.5204361   0.8974713
   0.7749884   0.4863706
   0.4861925   0.4910398
   0.7764043   0.9999688
   0.5428746   0.2703410
   0.8142945   0.8519323
   0.7242251   0.2598078
   0.6368939   0.7785080
   0.0081464   0.4898952
   0.7438344   0.2656719
   0.7727222   0.3398501
   0.7832484   0.8572550
   0.3147196   0.5388635
   0.3053895   0.8183030
   0.1308142   0.5422872
   0.6124188   0.6512503
   0.4397585   0.3874072
   0.1376209   0.9259510
   0.8784470   0.9140252
   0.9259198   0.4213217
   0.1843662   0.7402142
   0.2732540   0.9085913
   0.0000220   0.9101478
   0.6870994   0.0081684
   0.4000430   0.4309338
   0.2738404   0.1727653
   0.7707839   0.0570887
   0.0300203   0.0855034
   0.5959522   0.3354097
   0.9038064   0.7267664
   0.8776970   0.5162252
   0.3780167   0.3174555
   0.9036324   0.5156376
   0.2434065   0.7820794
   0.4296628   0.1693263
   0.2034011   0.6140290
   0.9095405   0.4766551
   0.5226204   0.9095626
   0.3868029   0.2097198
   0.9177310   0.7868459
   0.6406535   0.1915713
   0.9596112   0.4114374
   0.2486601   0.9896315
   0.4969408   0.8446122
   0.3250412   0.4007472
   0.5713786   0.2027382
   0.9169724   0.9493954
   0.5201937   0.8206048
   0.4650330   0.7636002
   0.6026842   0.8946958
   0.9329265   0.8060853
   0.5087248   0.8424670
   0.2827403   0.0313452
   0.7520295   0.6695432
   0.2410650   0.6697605
   0.4563892   0.8817185
   0.8613319   0.4160004
   0.2931559   0.1099919
   0.4056318   0.7900967
   0.9546042   0.7306730
   0.1908439   0.5259828
   0.9334112   0.1078163
   0.4753781   0.4536049
   0.9284211   0.9404111
   0.2172051   0.5311053
   0.8351069   0.1501315
   0.3371906   0.3438317
100
   0.9925985   0.6199309
   0.3751769   0.7446281
   0.2894742   0.6162418
   0.4143886   0.7458633
   0.4979603   0.2757205
   0.1618637   0.7911162
   0.3857124   0.5674955
   0.5812128   0.3403165
   0.2981686   0.7720567
   0.8662993   0.2315798
   0.8798730   0.3416775
   0.6851847   0.8082941
   0.2820886   0.9023898
   0.3393994   0.1171954
   0.0525213   0.6765900
   0.4610271   0.0451198
   0.2965209   0.8362040
   0.7897479   0.5859951
   0.4524458   0.2041365
   0.3318584   0.9504061
   0.4798569   0.4937221
   0.7415222   0.8655693
   0.0612177   0.3227351
   0.2058858   0.3593862
   0.0947918   0.0721851
   0.5909660   0.9746648
   0.4138626   0.2761507
   0.7829588   0.6959511
   0.1785404   0.1223582
   0.8131466   0.2310617
   0.7989482   0.2741737
   0.2761815   0.0954690
   0.1103776   0.0659294
   0.6814641   0.5628234
   0.2700659   0.0133225
   0.5132295   0.7499228
   0.5070446   0.2547518
   0.6154921   0.5682623
   0.5774868   0.8213779
   0.9276485   0.6722786
   0.8935630   0.5186145
   0.6469434   0.3074256
   0.7947652   0.4299022
   0.0033767   0.9733057
   0.5522604   0.8165233
   0.2043674   0.3512086
   0.0906969   0.4805490
   0.4466777   0.2010746
   0.5464784   0.1281418
   0.7638980   0.8165442
   0.1414643   0.2771275
   0.5664670   0.6485089
   0.5318793   0.1819591
   0.2167712   0.1093661
   0.0033370   0.1444197
   0.7816447   0.8968999
   0.6630343   0.4285881
   0.2043255   0.4577995
   0.8584904   0.2077022
   0.4311052   0.4107508
   0.0242255   0.6354726
   0.7619594   0.1149224
   0.1160215   0.2086371
   0.3159970   0.6624999
   0.3367788   0.0798950
   0.4790441   0.4782431
   0.3570225   0.0455111
   0.1267521   0.8889018
   0.2274702   0.3435233
   0.9982679   0.2308072
   0.4879430   0.7799126
   0.1277071   0.1509773
   0.2085008   0.3320326
   0.6087768   0.0669911
   0.5397349   0.0398819
   0.4777419   0.5639604
   0.6753545   0.2397013
   0.6788828   0.7913760
   0.4483384   0.9948798
   0.4538759   0.7851173
   0.0747748   0.9329200
   0.2633604   0.4317973
   0.9784312   0.3901125
   0.3206991   0.2059014
   0.7336357   0.3189670
   0.4367086   0.2215787
   0.0988796   0.5644157
   0.3725560   0.3073803
   0.8964483   0.9813328
   0.3743714   0.4361832
   0.0212147   0.8521134
   0.0001436   0.6965691
   0.0918147   0.6790264
   0.4879451   0.5401531
   0.6739062   0.9418210
   0.3252704   0.7486810
   0.8747410   0.5886308
   0.1804783   0.8531722
   0.9787432   0.5011774
   0.0590736   0.7123790
100
   0.8201444   0.4957821
   0.9339577   0.9190239
   0.0601978   0.3065137
   0.2264043   0.9566461
   0.2878465   0.6007757
   0.3928293   0.3090611
   0.4528891   0.3929729
   0.0056303   0.5447038
   0.0719992   0.4935754
   0.0848569   0.7459055
   0.4353965   0.4101272
   0.4945865   0.3101375
   0.9987580   0.6750648
   0.1633097   0.9775012
   0.1762422   0.2223833
   0.6898802   0.9963866
   0.7181654   0.6238379
   0.9154105   0.7783632
   0.9303516   0.1418148
   0.7350093   0.2181981
   0.7425905   0.1278386
   0.5272592   0.1954795
   0.5208115   0.5328895
   0.7401833   0.5928107
   0.0264649   0.8250401
   0.3387162   0.4618613
   0.2351674   0.8333027
   0.7719989   0.2339254
   0.5083675   0.9353086
   0.2114266   0.6846097
   0.1576918   0.9013068
   0.6809963   0.8758573
   0.5251447   0.5964068
   0.6542205   0.4554964
   0.7382215   0.3892298
   0.6736944   0.4808120
   0.5170684   0.2009536
   0.6762915   0.0378799
   0.7338431   0.4164747
   0.6306907   0.7603080
   0.2415149   0.9694069
   0.2221694   0.4766822
   0.8027096   0.9941682
   0.7106076   0.3110771
   0.9294768   0.9220342
   0.9956868   0.0871686
   0.8233411   0.6766830
   0.9630259   0.3484858
   0.2730898   0.6172464
   0.8039822   0.0113113
   0.0064762   0.4776766
   0.4921233   0.5235446
   0.6786302   0.1684147
   0.5614246   0.4124733
   0.5848895   0.1921152
   0.1727814   0.8264043
   0.1615221   0.3949507
   0.3030866   0.9642317
   0.3891189   0.0136942
   0.2753087   0.3185957
   0.9357284   0.2709955
   0.4057643   0.7590694
   0.9476785   0.3687902
   0.1075552   0.2207683
   0.9860366   0.9115374
   0.2320796   0.9925127
   0.3892140   0.7242029
   0.5160574   0.0678442
   0.8926176   0.0774820
   0.4803176   0.4775071
   0.2695972   0.6530989
   0.3039114   0.4311193
   0.0480496   0.6069980
   0.3953510   0.4371685
   0.6206922   0.6706597
   0.7557642   0.5564205
   0.9416552   0.1615286
   0.3154900   0.8893337
   0.5303188   0.4230452
   0.1101020   0.5163553
   0.3345826   0.3421816
   0.5088681   0.7237966
   0.0663845   0.0249254
   0.7916408   0.9590021
   0.1024074   0.2719584
   0.4365092   0.3720046
   0.9250573   0.7404206
   0.8031239   0.9731069
   0.3474186   0.1984749
   0.4102754   0.9681108
   0.8691346   0.1660397
   0.5245313   0.8107898
   0.3275682   0.8400213
   0.7001235   0.8578870
   0.2630665   0.8102254
   0.3742423   0.5976491
   0.1524070   0.8831104
   0.3214457   0.2187915
   0.9080358   0.1130865
   0.1777936   0.0104432
100
   0.3850449   0.6143028
   0.3824478   0.3101022
   0.3547234   0.1855718
   0.2832091   0.7021420
   0.3840467   0.6934845
   0.6702528   0.2531813
   0.8595242   0.1947842
   0.0639711   0.1870924
   0.0348055   0.7640945
   0.0449794   0.2978720
   0.5743200   0.4192217
   0.8955211   0.7267270
   0.3023321   0.2169669
   0.9455185   0.2103679
   0.3300534   0.1233121
   0.2208111   0.7150983
   0.7376148   0.6032590
   0.0252005   0.0923382
   0.7888307   0.3084095
   0.7944802   0.1728774
   0.0018940   0.4647331
   0.4260587   0.8614182
   0.6595172   0.4900297
   0.0485106   0.6943227
   0.2541243   0.0934901
   0.9921947   0.8284443
   0.5127118   0.8877158
   0.5551713   0.8150439
   0.1046827   0.5006898
   0.0254118   0.4347361
   0.6240019   0.2462229
   0.1498344   0.3616167
   0.8494819   0.1750349
   0.4539549   0.6383126
   0.4834445   0.2484352
   0.8111900   0.4853385
   0.7131682   0.2372486
   0.3467567   0.3726855
   0.7272784   0.3952674
   0.0670081   0.9814026
   0.4887574   0.0592028
   0.8098469   0.0014692
   0.9469186   0.3650182
   0.8165131   0.0516013
   0.8657080   0.8419249
   0.4863374   0.4897098
   0.0881478   0.6361719
   0.8513265   0.9376296
   0.8112068   0.3052814
   0.5759422   0.2946512
   0.5537166   0.3871322
   0.7799898   0.2668848
   0.6243808   0.1267465
   0.6395703   0.3516592
   0.5220139   0.7065784
   0.3330618   0.0107713
   0.7657812   0.1429087
   0.0122406   0.7126999
   0.5079269   0.8287537
   0.7643012   0.3736348
   0.6706785   0.2506386
   0.8633447   0.7588263
   0.8868105   0.7146712
   0.6964559   0.6980173
   0.0199526   0.2723982
   0.9926685   0.5736693
   0.6595303   0.7726583
   0.8405541   0.2839112
   0.8994048   0.4801244
   0.6355703   0.4214187
   0.1867028   0.9686321
   0.4321900   0.9524841
   0.1115408   0.4444306
   0.6651840   0.6194677
   0.2731842   0.4294852
   0.9931025   0.9438628
   0.6801238   0.8564472
   0.7026891   0.5669343
   0.5711184   0.3991450
   0.2649516   0.5910711
   0.6715432   0.2576201
   0.1647403   0.3310735
   0.0302784   0.0052944
   0.6149847   0.9296832
   0.4854188   0.2505550
   0.3511019   0.6721217
   0.2191871   0.7832919
   0.6246057   0.3307279
   0.2277225   0.2897897
   0.9501956   0.5009067
   0.7192749   0.9432981
   0.4447695   0.3993987
   0.7997453   0.1474586
   0.9663330   0.3708637
   0.5466036   0.2312846
   0.9619348   0.2181467
   0.4889048   0.1266751
   0.5492202   0.5191832
   0.1319696   0.1642049
   0.4488664   0.6173884
100
   0.4147599   0.7999684
   0.2895100   0.6339469
   0.5832603   0.9141158
   0.9646748   0.8109828
   0.2039055   0.9148704
   0.3118896   0.9231804
   0.8581685   0.7566591
   0.3225790   0.6579138
   0.9041176   0.2889121
   0.0287776   0.4507212
   0.5201967   0.9907124
   0.6688679   0.0091015
   0.1173875   0.2180881
   0.5282847   0.2493571
   0.3822930   0.9771511
   0.8667455   0.7970529
   0.7771195   0.1562555
   0.4309998   0.3603798
   0.0703713   0.3956746
   0.1713626   0.2742767
   0.3105450   0.4832522
   0.1974571   0.1687136
   0.2399113   0.5200361
   0.8266274   0.1440289
   0.8089482   0.8554050
   0.5947501   0.3291449
   0.8461174   0.2636180
   0.3382464   0.9635049
   0.4817061   0.8665311
   0.2128620   0.8639992
   0.8436822   0.0796075
   0.6610520   0.6208017
   0.2358630   0.0920518
   0.9811815   0.3062343
   0.4877265   0.1525442
   0.5805110   0.7982715
   0.6357964   0.7779681
   0.9669850   0.8757077
   0.2980042   0.7936124
   0.0197366   0.1069525
   0.6490174   0.6144867
   0.4360974   0.4951348
   0.8781047   0.7743438
   0.4586398   0.3598109
   0.6408748   0.6715018
   0.2238100   0.4845571
   0.7511093   0.8848620
   0.1053588   0.9869722
   0.9769139   0.0865403
   0.2932065   0.4646403
   0.2390845   0.8737175
   0.2629118   0.8748809
   0.6516856   0.2298968
   0.7505886   0.9496898
   0.0235093   0.7703252
   0.0566423   0.6725267
   0.3848119   0.4927397
   0.1676615   0.2629166
   0.2670834   0.6263013
   0.6227275   0.9079583
   0.2978031   0.8465375
   0.3925154   0.0489123
   0.7313996   0.4978741
   0.0358845   0.7083134
   0.5844145   0.3290910
   0.1729538   0.8234990
   0.2028085   0.4358656
   0.6983799   0.8544941
   0.6657624   0.4489685
   0.8041839   0.6892717
   0.2192937   0.8608262
   0.3617984   0.6041056
   0.3535659   0.5294599
   0.8670223   0.6206493
   0.1557612   0.4897498
   0.5286076   0.4535643
   0.3362873   0.9211230
   0.5024766   0.0676869
   0.4189971   0.5383612
   0.7760004   0.0034116
   0.8674522   0.9489541
   0.8269106   0.0702607
   0.3848197   0.5252905
   0.9247548   0.0505821
   0.9742590   0.7289387
   0.7398538   0.1935527
   0.5897649   0.1016522
   0.7976583   0.9433308
   0.6311121   0.6646806
   0.5639801   0.7868733
   0.1544304   0.0925878
   0.2404376   0.4907178
   0.0137107   0.7429143
   0.5584047   0.4327079
   0.2812754   0.3344050
   0.4361195   0.1487276
   0.2833592   0.2630301
   0.2189883   0.6681789
   0.7883205   0.1437431
   0.7187610   0.7625795
100
   0.8726818   0.4586148
   0.9561322   0.4624468
   0.5602670   0.7537906
   0.4057776   0.1913791
   0.4184712   0.9697577
   0.9782524   0.5729016
   0.0623455   0.2186901
   0.0636194   0.0760562
   0.9616043   0.6220241
   0.5087641   0.2428797
   0.9564291   0.9448836
   0.3916074   0.2397883
   0.2079136   0.6105957
   0.9079672   0.9962342
   0.7543388   0.6267282
   0.7588137   0.6270206
   0.0853430   0.7149459
   0.0894674   0.6456099
   0.4687365   0.4952450
   0.8369890   0.8872077
   0.4650027   0.8152414
   0.4601094   0.5273482
   0.0339315   0.5237288
   0.6034044   0.9955358
   0.1457528   0.1121685
   0.2384155   0.1021820
   0.0570521   0.6300229
   0.3419703   0.2649657
   0.2406186   0.2499375
   0.2611998   0.9949574
   0.8766657   0.0200136
   0.6219780   0.9620086
   0.7349595   0.7114454
   0.6076186   0.2036960
   0.2066904   0.4446076
   0.0909038   0.6716931
   0.2598491   0.5510131
   0.1990413   0.2937806
   0.0747419   0.8024457
   0.2893164   0.2204947
   0.9146142   0.5277319
   0.3226767   0.9716662
   0.1577548   0.6646469
   0.2366319   0.3983733
   0.9145844   0.4978317
   0.3933307   0.7912500
   0.5178453   0.0153087
   0.7532587   0.2528048
   0.7267542   0.3608773
   0.4565008   0.9334446
   0.8054849   0.5474046
   0.6051377   0.0653340
   0.0984177   0.8041790
   0.3591145   0.1731595
   0.6066247   0.6484309
   0.3936542   0.5212389
   0.1761628   0.7163309
   0.4929051   0.3339175
   0.3809778   0.7295370
   0.7322909   0.2955622
   0.2273687   0.1256216
   0.0868123   0.7452140
   0.1409304   0.8400710
   0.9980188   0.8676846
   0.2009482   0.4545196
   0.8011292   0.0064331
   0.0019242   0.4062669
   0.0717671   0.1003418
   0.2104459   0.4308816
   0.2735014   0.8170706
   0.0793125   0.6671556
   0.3383094   0.2554753
   0.3834865   0.8312145
   0.5893928   0.7644643
   0.5607515   0.3216837
   0.0600266   0.7881202
   0.4473053   0.1468388
   0.5333342   0.5882357
   0.9869098   0.5313530
   0.4559202   0.1878580
   0.9858726   0.2570494
   0.1942911   0.9877967
   0.6633163   0.2660582
   0.0881386   0.8737622
   0.6969399   0.3616399
   0.6908328   0.7762523
   0.0287955   0.0291422
   0.0317276   0.4122820
   0.8603567   0.6211204
   0.1767464   0.4211082
   0.9428041   0.2367729
   0.2092284   0.3901094
   0.3836117   0.7425626
   0.9783451   0.3705215
   0.2739156   0.4342654
   0.5583795   0.2597882
   0.6913148   0.7526707
   0.2475849   0.3546310
   0.0187289   0.3357235
   0.2283932   0.7156688
100
   0.6973634   0.9192260
   0.4919211   0.7261589
   0.9483682   0.5236487
   0.1384410   0.8087249
   0.1447691   0.3151873
   0.2298331   0.0875732
   0.5519603   0.4390616
   0.4776827   0.9355720
   0.1816242   0.4560278
   0.3060935   0.4555398
   0.8902931   0.8644731
   0.7153280   0.5816079
   0.6171437   0.9629129
   0.9362389   0.6358726
   0.2986364   0.1646321
   0.3515414   0.9959998
   0.0838581   0.8434625
   0.7221587   0.0322264
   0.3671112   0.8605997
   0.8409513   0.5118803
   0.1757870   0.0707844
   0.5994535   0.7277473
   0.5098460   0.0771362
   0.6633193   0.6914702
   0.5331640   0.9694128
   0.1470099   0.4234571
   0.8338859   0.8623379
   0.0050650   0.4510296
   0.8252508   0.9413039
   0.0869023   0.1238871
   0.1059360   0.4384437
   0.1198869   0.1897942
   0.2819061   0.8420456
   0.2220205   0.6490173
   0.7026452   0.0629718
   0.1608976   0.8784322
   0.1337563   0.7603512
   0.6061795   0.6436023
   0.8374874   0.2694988
   0.3350724   0.3706513
   0.2389117   0.4820823
   0.7941084   0.0727976
   0.3444202   0.7991734
   0.5238272   0.1696710
   0.7404773   0.6107295
   0.2935581   0.8464133
   0.0491731   0.4134449
   0.0362075   0.3310793
   0.2554905   0.2582281
   0.9800966   0.9581357
   0.3211999   0.1409942
   0.8365679   0.4549561
   0.9013454   0.4427474
   0.0985584   0.7388328
   0.7122462   0.4336308
   0.1094842   0.9511579
   0.9157131   0.9035926
   0.0239554   0.2601334
   0.7027660   0.5477826
   0.4298043   0.4432433
   0.1585121   0.7233624
   0.2896566   0.2076852
   0.1368074   0.3258641
   0.5387645   0.3922979
   0.5840922   0.5188611
   0.3504336   0.9052921
   0.6598553   0.1870015
   0.3602482   0.5612008
   0.6297489   0.4588066
   0.3000336   0.3419951
   0.8924374   0.4095177
   0.2931530   0.8081505
   0.3131103   0.3171084
   0.0682839   0.0158763
   0.8648911   0.4980882
   0.4591196   0.0234031
   0.2214507   0.7487763
   0.2310884   0.3582580
   0.0746404   0.7698528
   0.7505559   0.6587326
   0.2887139   0.1009895
   0.5640247   0.9485692
   0.2879910   0.9242729
   0.5097700   0.9177399
   0.3830795   0.8098036
   0.2597350   0.2755169
   0.2193213   0.5528880
   0.0836674   0.5324316
   0.8699964   0.1519513
   0.5483080   0.7348875
   0.6500396   0.0074276
   0.7582906   0.8714902
   0.7562039   0.9893790
   0.2297483   0.8308443
   0.7592318   0.9803042
   0.4895769   0.0479457
   0.0812936   0.0536015
   0.9965149   0.3692846
   0.9778744   0.5062849
   0.2870245   0.3609538
100
   0.3160885   0.5467595
   0.6364707   0.5354098
   0.0996474   0.7201381
   0.0678414   0.9696438
   0.8720894   0.6161494
   0.7045313   0.5221290
   0.6235770   0.4628219
   0.3936192   0.3797809
   0.4522009   0.6233675
   0.2106252   0.2114326
   0.6036717   0.7002021
   0.2593783   0.6849653
   0.7538036   0.2558933
   0.0542499   0.7316779
   0.7621782   0.3412744
   0.0926318   0.0782667
   0.8880338   0.7291025
   0.6136764   0.9876813
   0.4492405   0.6815179
   0.9573251   0.3213300
   0.2976673   0.6618564
   0.8434589   0.9212443
   0.1246783   0.2370782
   0.3010252   0.5768792
   0.8604457   0.5116504
   0.7883118   0.4641173
   0.2118525   0.0476902
   0.1490826   0.9656561
   0.3035834   0.2033325
   0.6973340   0.0657616
   0.5446069   0.7899658
   0.1440283   0.4326407
   0.5190682   0.7577047
   0.4203220   0.9683088
   0.4392226   0.3776472
   0.2896387   0.7368899
   0.0395036   0.1330977
   0.6581342   0.1641819
   0.3701758   0.9591595
   0.7410611   0.2306215
   0.4708099   0.5293730
   0.6947388   0.6826624
   0.5770631   0.8438214
   0.6483184   0.8806466
   0.0471539   0.3456524
   0.9464082   0.5917608
   0.1356182   0.0904365
   0.0244016   0.6546864
   0.8481412   0.4447236
   0.6229952   0.2873638
   0.8223708   0.9126339
   0.0242537   0.8618744
   0.0457316   0.6823879
   0.0260563   0.4159074
   0.6415474   0.7671174
   0.6465289   0.1123573
   0.2964904   0.3412677
   0.7950197   0.8735536
   0.1850891   0.4433381
   0.7542001   0.2322430
   0.7889906   0.7006084
   0.8240039   0.9246088
   0.7910449   0.8484055
   0.5792952   0.6391861
   0.2931291   0.2022904
   0.9265499   0.1154999
   0.1149243   0.9508036
   0.9773743   0.1606559
   0.6331916   0.0034306
   0.5765633   0.2747389
   0.7705480   0.2230922
   0.3870962   0.0670385
   0.5643598   0.1821159
   0.9405920   0.7494489
   0.6254540   0.6947922
   0.9816920   0.4144445
   0.3954005   0.8056959
   0.3390533   0.1864454
   0.6541013   0.9183485
   0.8256315   0.9472305
   0.1206389   0.7521814
   0.0627303   0.2355631
   0.7029850   0.0401046
   0.3962190   0.3361766
   0.0435352   0.9727823
   0.6109155   0.8140833
   0.1958744   0.9980117
   0.8811217   0.7602343
   0.1801276   0.8217137
   0.5096832   0.8055816
   0.5165059   0.4913752
   0.2200262   0.9119064
   0.2970710   0.5590795
   0.0983518   0.9511724
   0.4774280   0.9239833
   0.8984028   0.5980668
   0.6761647   0.9611332
   0.8336300   0.3791497
   0.0012378   0.2298490
   0.7153263   0.0447730
100
   0.2026313   0.3262419
   0.8588563   0.3985057
   0.3242536   0.7399780
   0.1587400   0.5043812
   0.5616918   0.6684232
   0.3099629   0.0781977
   0.1597983   0.5299890
   0.9901041   0.4568694
   0.0890685   0.0884559
   0.4080418   0.5664965
   0.0124392   0.3064446
   0.1645633   0.6886039
   0.2675778   0.9981933
   0.0677537   0.2688156
   0.2280423   0.7830800
   0.3135886   0.4306736
   0.1093218   0.1724449
   0.8291793   0.4335755
   0.9124230   0.9879192
   0.9379567   0.4741147
   0.6563424   0.2479195
   0.5523124   0.8161407
   0.7779086   0.5424165
   0.2730101   0.8669771
   0.6308724   0.6810519
   0.4334736   0.6433116
   0.9874965   0.5980369
   0.3319156   0.2550743
   0.5962302   0.3996692
   0.5238899   0.8242725
   0.1827492   0.8374785
   0.2549461   0.2920711
   0.0099235   0.0841254
   0.7256465   0.9223464
   0.0720446   0.6636032
   0.3964612   0.7283870
   0.9115227   0.9487736
   0.5445277   0.6894313
   0.4911901   0.8175378
   0.5564084   0.1220626
   0.4985896   0.9898820
   0.7653742   0.4860861
   0.5879189   0.0972898
   0.7411603   0.1841491
   0.4969590   0.2650502
   0.0084216   0.6797082
   0.1025287   0.2633677
   0.9717793   0.1124522
   0.3474931   0.6974258
   0.0347986   0.4195377
   0.3610290   0.4312598
   0.1479246   0.2725517
   0.3800334   0.6924523
   0.9619830   0.8712235
   0.5099901   0.5183914
   0.9932861   0.0085797
   0.5082734   0.7586603
   0.4946658   0.0961923
   0.8559501   0.2358261
   0.2803414   0.3529091
   0.5008763   0.2887631
   0.0326173   0.6034051
   0.5521308   0.0043965
   0.7158572   0.8996239
   0.7018223   0.7506559
   0.3191615   0.0628513
   0.1819157   0.4670862
   0.3354030   0.5619491
   0.1595385   0.2973860
   0.4331726   0.6695286
   0.8157774   0.4264587
   0.6781083   0.3240508
   0.1851190   0.1727741
   0.4202431   0.0410691
   0.4086002   0.7005845
   0.3939782   0.9094766
   0.9893476   0.4265954
   0.5128817   0.5414784
   0.4309920   0.2287389
   0.4411023   0.1328143
   0.9793948   0.7602638
   0.1956655   0.1613104
   0.2273500   0.5310685
   0.7232595   0.3868885
   0.8284545   0.1564322
   0.0564171   0.6442318
   0.5828909   0.7345254
   0.9682827   0.7680099
   0.9072995   0.3885258
   0.8090790   0.3158997
   0.0891103   0.2030572
   0.2253763   0.0784579
   0.6296526   0.7382580
   0.6199363   0.0606446
   0.9669969   0.0610386
   0.1934589   0.9463916
   0.8213024   0.3891244
   0.1077021   0.0486524
   0.9201929   0.8309616
   0.4355409   0.7486473
100
   0.9873938   0.4919579
   0.3928792   0.5702846
   0.2264833   0.3611618
   0.3382945   0.1337828
   0.7496876   0.1473735
   0.4496825   0.8387979
   0.3504307   0.6750588
   0.9172558   0.9800833
   0.4133168   0.5371921
   0.0407279   0.3803137
   0.5982307   0.2341868
   0.3267053   0.4195331
   0.6233112   0.4344074
   0.4681855   0.5435040
   0.2653690   0.9037263
   0.2921514   0.2527628
   0.3956843   0.6850306
   0.8230474   0.6221676
   0.0461924   0.1613420
   0.7559504   0.7958800
   0.3087155   0.2056329
   0.6346779   0.6591462
   0.8806918   0.5519338
   0.6392295   0.2940086
   0.0891259   0.6799574
   0.6743222   0.6873566
   0.9141442   0.0010276
   0.1068897   0.5374553
   0.4354350   0.5750752
   0.0809594   0.7008040
   0.4788015   0.3731108
   0.9535667   0.8744858
   0.0581414   0.7766141
   0.4966534   0.1043338
   0.9379561   0.2526038
   0.9002138   0.2466716
   0.4582367   0.5348917
   0.9058178   0.3389285
   0.0868255   0.5450474
   0.6329370   0.1759514
   0.2250048   0.3072593
   0.8633080   0.1391490
   0.3082868   0.9701977
   0.6766043   0.7437218
   0.5452728   0.7575637
   0.4445258   0.0240743
   0.1306745   0.3980925
   0.8985601   0.1888158
   0.1747066   0.3952135
   0.2931496   0.1126627
   0.6478173   0.1933634
   0.3593344   0.1060540
   0.7282551   0.2651522
   0.4449825   0.8150806
   0.8101995   0.0779196
   0.9910320   0.0352043
   0.3851788   0.8543400
   0.1743533   0.6934657
   0.8245376   0.8509576
   0.4371875   0.3698105
   0.6085213   0.8817132
   0.3938848   0.7391957
   0.2798057   0.2924449
   0.9280116   0.4545124
   0.6876585   0.2211612
   0.5671751   0.3354758
   0.4145246   0.9265094
   0.4415298   0.1427797
   0.1916616   0.8865123
   0.9578603   0.0018612
   0.9644319   0.9488923
   0.0370655   0.3496107
   0.8032322   0.2114187
   0.0430764   0.6277699
   0.0623763   0.4802639
   0.9975803   0.6708976
   0.3619771   0.3914651
   0.4100933   0.6417829
   0.6839101   0.3381049
   0.0962952   0.3715685
   0.5592661   0.6634703
   0.7070443   0.9737907
   0.5899798   0.1485741
   0.1165704   0.7816414
   0.0350864   0.0744307
   0.7835026   0.9995182
   0.0233230   0.8205680
   0.3491289   0.8265553
   0.0319868   0.3922053
   0.4543251   0.0943631
   0.8724692   0.4519054
   0.7652606   0.2344463
   0.8433706   0.1753539
   0.8762292   0.5272807
   0.5134588   0.9725244
   0.8988492   0.0727249
   0.6359947   0.6058935
   0.0465156   0.2259745
   0.7544675   0.1630860
   0.0076159   0.7895539
 100 
 .1811664 .3865192 
 .2943430 .0667935 
 .3830796 .2834294 
 .3055463 .2164093 
 .1049368 .7252942 
 .3327418 .5067355 
 .3129737 .2421695 
 .6373325 .5542584 
 .4727142 .5483298 
 .6443175 .9785239 
 .3490257 .1557940 
 .4218815 .2496089 
 .5082743 .0318117 
 .5689753 .9957289 
 .9020445 .8763014 
 .4704666 .9490959 
 .6763103 .4112341 
 .6828067 .5489170 
 .8963458 .5693865 
 .4488850 .3363426 
 .0537011 .8205556 
 .5752622 .9367751 
 .5624101 .6924913 
 .8921655 .8372538 
 .1798793 .8822597 
 .1979218 .4751817 
 .3138020 .6997739 
 .0937922 .4414782 
 .0976021 .8646025 
 .7588623 .8858639 
 .2184854 .2531680 
 .0016456 .4514414 
 .7368353 .8668656 
 .5467777 .1545551 
 .2035710 .3007423 
 .3505197 .3961320 
 .6108661 .0129579 
 .8541625 .5118530 
 .1364410 .8405938 
 .7337298 .6476038 
 .9851678 .0282466 
 .3290273 .9282562 
 .3041012 .5205462 
 .1639825 .4539404 
 .2459445 .8440255 
 .6197703 .1281417 
 .5665183 .4309515 
 .8963338 .1532085 
 .1366919 .0185608 
 .0879839 .6157231 
 .5886041 .5299263 
 .8837195 .2587063 
 .8475132 .7831873 
 .6491341 .5693152 
 .0594169 .0973861 
 .2081978 .9065975 
 .6333407 .4164562 
 .4612060 .6985076 
 .6860558 .4462693 
 .1786993 .8327996 
 .7036133 .4188706 
 .2165621 .2721339 
 .0036286 .8263771 
 .5087368 .5967785 
 .5673731 .6052719 
 .2024211 .5132038 
 .6715833 .0382853 
 .0851836 .1956828 
 .8341450 .7514762 
 .0805177 .4202446 
 .9305947 .7318147 
 .3118847 .5130299 
 .6623728 .8262867 
 .4966609 .8127847 
 .2731104 .6955785 
 .8595216 .2219403 
 .6135906 .1095423 
 .1660652 .0119863 
 .1345593 .6511578 
 .8758083 .8136963 
 .6119135 .6413926 
 .9904854 .0557219 
 .5411385 .1474844 
 .3077515 .3481828 
 .0248404 .4675207 
 .0483405 .7106671 
 .1539961 .1080454 
 .9603648 .3235480 
 .5727645 .0395670 
 .9591701 .7822632 
 .0285369 .4155505 
 .2638831 .7382057 
 .8409972 .8995386 
 .1589225 .3366872 
 .6614815 .6257393 
 .4441787 .9690795 
 .6095132 .4215183 
 .0327297 .4372442 
 .5272183 .4840337 
 .8887378 .5157721 
 100 
 .0320350 .9035221 
 .6369799 .8608821 
 .3088908 .3757713 
 .9732127 .9611231 
 .8874779 .6968806 
 .9026566 .9988072 
 .4085736 .1727914 
 .4612193 .6744004 
 .6931850 .3300558 
 .7470679 .7584614 
 .0747908 .1461704 
 .8127082 .8341521 
 .4107867 .7283322 
 .4312456 .7724040 
 .6145421 .6969393 
 .3338921 .2735263 
 .7919263 .6503541 
 .7854513 .5829191 
 .6609053 .6136454 
 .0743693 .4516472 
 .1024983 .3570130 
 .5853825 .7094566 
 .3461904 .3976516 
 .7247402 .5304186 
 .0304546 .2977181 
 .3968268 .6192885 
 .4845276 .9040976 
 .4906664 .0869043 
 .0236372 .2436157 
 .6166703 .6100511 
 .4966773 .1284801 
 .0169841 .4172210 
 .1205042 .8168548 
 .2233215 .4761187 
 .8137556 .4258382 
 .9081336 .6886547 
 .5280214 .7595256 
 .9097681 .5690399 
 .8754777 .7815639 
 .2388277 .3724966 
 .7673987 .5554317 
 .8076416 .4755464 
 .5924236 .9598859 
 .6715354 .4408763 
 .1497553 .1623846 
 .9208184 .0249269 
 .2707415 .4381088 
 .3950136 .7366480 
 .6602057 .6322436 
 .6722463 .7008384 
 .5016066 .9917201 
 .0707780 .7261688 
 .0202640 .2904536 
 .6278365 .7709110 
 .3966620 .6275076 
 .3220582 .5205911 
 .7648693 .9163647 
 .4964224 .5607800 
 .8045723 .2688633 
 .0224387 .6020678 
 .6117433 .0101493 
 .9149388 .2874634 
 .7727295 .1794787 
 .7390453 .1170547 
 .2171961 .7516633 
 .3131340 .7302838 
 .5220545 .5686694 
 .1577904 .8996739 
 .6039011 .6511293 
 .3122828 .7558118 
 .5817446 .1535974 
 .1658497 .5638822 
 .1125706 .1610514 
 .6475228 .3265946 
 .4847249 .6606913 
 .4891949 .0539716 
 .6708642 .6633011 
 .5135963 .1117091 
 .5534657 .3305944 
 .3806688 .9687104 
 .4892732 .2648470 
 .5189334 .1804646 
 .8097359 .4480045 
 .8267400 .7752116 
 .9851271 .7301304 
 .0931684 .4988593 
 .9207671 .7497973 
 .0887347 .7044008 
 .8022770 .6476217 
 .2283400 .0616747 
 .3482116 .2718599 
 .1169965 .6707336 
 .2354155 .5726225 
 .8441790 .4813776 
 .4951810 .7770890 
 .4740838 .9845964 
 .1843984 .4079101 
 .8530468 .7182759 
 .6505607 .3640420 
 .8757685 .9266027 
 100 
 .9553424 .6783531 
 .1602406 .3746579 
 .9087002 .1877594 
 .3062574 .4287821 
 .7916758 .6251557 
 .3705407 .5889273 
 .9964869 .4313076 
 .8867134 .1584361 
 .9597285 .1899230 
 .8820292 .0540236 
 .0687149 .7486245 
 .2738096 .2262210 
 .5298517 .9782675 
 .3333679 .0477038 
 .0365710 .3562789 
 .3377062 .5407937 
 .6854650 .1872108 
 .0308765 .6005371 
 .8729593 .7837878 
 .2164962 .5081432 
 .4588345 .2501635 
 .0169117 .0407505 
 .5923010 .9991669 
 .5668219 .3245079 
 .2337920 .5978003 
 .8512013 .1433418 
 .2313431 .2084193 
 .9280205 .5375609 
 .1720119 .4526752 
 .9619454 .9741569 
 .1614240 .0847003 
 .5898136 .8513286 
 .9108671 .9699565 
 .5836528 .2579131 
 .4415432 .5149274 
 .2012111 .3260862 
 .4472944 .3061889 
 .8338355 .7124273 
 .6754954 .1586339 
 .5809581 .1752574 
 .0635017 .3425253 
 .3908427 .2795920 
 .9652291 .1958984 
 .7875056 .2871256 
 .4667617 .8083976 
 .5202706 .5469220 
 .0565007 .5982122 
 .4791472 .3999457 
 .0069364 .4461319 
 .8575397 .8917769 
 .6517994 .0881779 
 .9426164 .5348261 
 .9017877 .6265399 
 .3893905 .9936439 
 .1194241 .6609637 
 .8910968 .8415330 
 .8415340 .4700535 
 .4872015 .3481491 
 .4565017 .1224706 
 .2302535 .4381487 
 .1605186 .0474995 
 .6301908 .2797456 
 .3676394 .5561990 
 .4635511 .1262991 
 .9552626 .6291402 
 .6167206 .6883060 
 .6998134 .9628324 
 .2557780 .0394436 
 .0945805 .2201421 
 .5970773 .3781331 
 .2279990 .5235905 
 .8963553 .3325062 
 .0088450 .7651604 
 .1712575 .3061778 
 .9149568 .0204297 
 .0016629 .9469026 
 .4618895 .4242627 
 .0804471 .4495393 
 .2724938 .9032060 
 .7682728 .2858052 
 .2004492 .2169444 
 .6810363 .2306020 
 .3304237 .3259418 
 .4366356 .3102631 
 .4424408 .1005193 
 .4251686 .5514434 
 .9733614 .1813729 
 .3474217 .1175814 
 .6067946 .1937023 
 .9819796 .4774320 
 .0343853 .7449806 
 .0703768 .4891394 
 .5039514 .3757286 
 .4188378 .4732115 
 .5385163 .9967473 
 .5582048 .1956148 
 .3975498 .8858904 
 .0220543 .8325527 
 .8678612 .0209030 
 .1256508 .0233557 
 100 
 .9142309 .8178972 
 .8716851 .5568321 
 .3741774 .0909635 
 .2766093 .5364299 
 .7198956 .5480020 
 .1952074 .4251803 
 .0935241 .1293908 
 .9997430 .5146563 
 .1971563 .1553647 
 .8100063 .3626231 
 .7215671 .1882381 
 .1257504 .8087096 
 .0501298 .7876558 
 .6247631 .4508197 
 .8870136 .4291732 
 .6870788 .0291672 
 .8291252 .6944331 
 .2049960 .0392839 
 .0145590 .7883046 
 .9435345 .0371491 
 .8091875 .2953597 
 .8181583 .4032553 
 .6976344 .0932669 
 .8348989 .6299856 
 .4728621 .1698569 
 .1588542 .2576686 
 .5051467 .8570526 
 .0943154 .1161238 
 .0389528 .2493223 
 .1148915 .1749503 
 .5253155 .3051087 
 .1038666 .6492706 
 .0454535 .7625706 
 .4700449 .5676546 
 .7036103 .3992478 
 .7964211 .2425468 
 .9362358 .6296886 
 .3495589 .3852287 
 .1607030 .7039558 
 .5054814 .3092109 
 .9174869 .0190262 
 .4995793 .0374823 
 .1802550 .8977064 
 .6374237 .3772909 
 .0412920 .6765747 
 .1518534 .2956154 
 .4352631 .5639286 
 .3881748 .3012447 
 .5401679 .4065187 
 .2601998 .0349397 
 .2755976 .6032997 
 .4490289 .8445500 
 .8777558 .7262758 
 .3054021 .6717107 
 .5282700 .1910711 
 .7439620 .9329066 
 .7972904 .2388710 
 .6503389 .0097691 
 .2658743 .6601642 
 .7134593 .1785151 
 .8408670 .6600238 
 .5873163 .9509711 
 .3775533 .0228039 
 .5075257 .4516764 
 .3789364 .7068568 
 .7547291 .1366677 
 .5307463 .0504913 
 .6732072 .3267394 
 .1308616 .1996678 
 .5103291 .0757753 
 .2408806 .9141447 
 .5196065 .1552042 
 .4737782 .7477339 
 .1335378 .6782608 
 .2700778 .3432725 
 .3160316 .3195684 
 .5284051 .2846544 
 .3893965 .3511465 
 .4548489 .0950713 
 .8265750 .8972890 
 .0768602 .4882638 
 .0219023 .9274189 
 .3166609 .2313739 
 .4070738 .5150088 
 .8089404 .7646813 
 .1546358 .6865097 
 .4381623 .2834027 
 .9880603 .5989822 
 .2097328 .9955936 
 .3617412 .5882970 
 .5917630 .8413170 
 .7399675 .5284122 
 .5928281 .6423993 
 .3324777 .5808558 
 .9861678 .4375719 
 .0645101 .3741950 
 .3498166 .0703727 
 .5877151 .4554688 
 .7503714 .8001385 
 .7788183 .9563485 
 100 
 .4281513 .1005392 
 .6169051 .2106896 
 .9035273 .6336672 
 .9565580 .8791816 
 .3658684 .8164822 
 .0892132 .2505314 
 .5630102 .0437056 
 .8629269 .0040435 
 .9030633 .5478366 
 .4526560 .9801357 
 .0218981 .5511152 
 .7680719 .4952742 
 .2564268 .7217500 
 .2702404 .4755567 
 .5810043 .3508614 
 .1461314 .1257555 
 .5845493 .9181310 
 .0522633 .8925783 
 .6494994 .0513824 
 .8647589 .9542464 
 .9881112 .9840271 
 .1290795 .1427624 
 .6320659 .5877755 
 .4426443 .7874672 
 .5804807 .4570136 
 .2688086 .1032077 
 .4994374 .3340681 
 .3002026 .0156764 
 .7306487 .8170005 
 .2796038 .2397793 
 .6930780 .6468741 
 .1512580 .4612667 
 .5218345 .2303988 
 .7462624 .0118520 
 .1436661 .1547661 
 .2812062 .8056891 
 .7855052 .4701176 
 .3361155 .7898895 
 .6869508 .0647262 
 .4297949 .9607925 
 .7619541 .5893949 
 .7692887 .2554652 
 .0394575 .5890684 
 .3443180 .4264492 
 .5049945 .6969964 
 .5835839 .3666094 
 .7504242 .3032586 
 .7916763 .2271187 
 .5897260 .8258480 
 .2343865 .9596497 
 .1752562 .8270862 
 .9154127 .4457811 
 .4987416 .4066975 
 .8551596 .9219944 
 .5196939 .6786771 
 .2964859 .6744544 
 .2535475 .2529355 
 .1642445 .6085862 
 .3827944 .4828642 
 .9242051 .8762915 
 .4243736 .2322321 
 .5388385 .7880389 
 .9807335 .9224672 
 .5064015 .2050320 
 .5929608 .9451828 
 .1871838 .8927475 
 .3623412 .9030617 
 .1455702 .2533680 
 .6593150 .7506817 
 .6351514 .7105468 
 .4311901 .3588499 
 .3803725 .0025609 
 .0748271 .3722791 
 .4035635 .8937702 
 .4679623 .9592771 
 .9395446 .4214308 
 .1505606 .0893036 
 .7877544 .7748480 
 .1007263 .6830679 
 .2779144 .2136197 
 .0309181 .1610672 
 .0610237 .9658590 
 .2996632 .8083892 
 .0618849 .6378102 
 .7393029 .6519983 
 .2087941 .0827356 
 .9766845 .3248764 
 .2443993 .6263640 
 .8937973 .2200815 
 .4604421 .6731006 
 .1492938 .1052917 
 .2170580 .6036266 
 .2572874 .7005128 
 .4209237 .0399984 
 .3819489 .3816144 
 .7497148 .4559222 
 .2278682 .4610107 
 .5144781 .1420595 
 .3470865 .1523946 
 .0255370 .0310480 
 100 
 .6917715 .5247554 
 .7378436 .1139249 
 .8518798 .1052310 
 .0521666 .3458570 
 .3524628 .3514586 
 .3805797 .1890325 
 .5557044 .4702690 
 .0772804 .3562981 
 .7159619 .9365972 
 .4052439 .9201521 
 .8571943 .9276414 
 .3595010 .6950659 
 .3538466 .5333790 
 .5903287 .5813364 
 .0586750 .2738090 
 .7432660 .2077927 
 .8818057 .8215337 
 .3240207 .4982354 
 .9196705 .0087885 
 .9589212 .4194959 
 .2830145 .7415597 
 .0969983 .7920041 
 .0900822 .3382857 
 .4169581 .2387771 
 .7720099 .4825845 
 .2776438 .6353145 
 .6675479 .2917843 
 .4879728 .2580479 
 .3361526 .2565297 
 .6631987 .6072635 
 .2523944 .7396703 
 .8575803 .9338412 
 .4081645 .5108027 
 .5855495 .0972497 
 .3775010 .0495064 
 .5181731 .7320458 
 .8146414 .1262660 
 .0104863 .9461747 
 .0693020 .9535977 
 .3070705 .9986859 
 .2118436 .9167717 
 .1044339 .6266035 
 .5500589 .9070247 
 .6232604 .8676447 
 .6614741 .3910733 
 .1528096 .2518010 
 .7204392 .7973496 
 .0525924 .9425170 
 .8155611 .2574631 
 .4993209 .5668440 
 .0653489 .3242329 
 .1039364 .7905533 
 .3709671 .5460135 
 .3356687 .8132869 
 .0048661 .6992290 
 .1064782 .4624406 
 .0204537 .4928301 
 .7062819 .9721427 
 .4660355 .5230605 
 .5409783 .3024467 
 .0686358 .4752584 
 .0028628 .3782206 
 .5801850 .7797025 
 .6754787 .2392356 
 .1975684 .3065139 
 .5086798 .0621441 
 .9143335 .8436393 
 .3485955 .5484425 
 .5581114 .0927413 
 .2127004 .4146537 
 .5241676 .2286857 
 .0911948 .7538785 
 .4296277 .6250344 
 .1488137 .8810802 
 .3699665 .5138007 
 .4999040 .8850173 
 .1319739 .9234829 
 .9255470 .3821548 
 .2657654 .4633455 
 .8735649 .7341946 
 .6901491 .0698441 
 .8968391 .0206061 
 .5359493 .8162774 
 .5963966 .0577369 
 .9433763 .8599652 
 .5845865 .3712709 
 .9323811 .5507951 
 .5992852 .8410115 
 .3567925 .0766172 
 .4988385 .2657317 
 .1190667 .6379858 
 .4532812 .7981769 
 .7353346 .3279299 
 .4116696 .4707720 
 .1602743 .3800571 
 .2470353 .2031894 
 .3558112 .4161500 
 .4259172 .0232228 
 .9519243 .3857628 
 .3725636 .9494063 
 100 
 .7245584 .0959754 
 .8401260 .2220543 
 .4149768 .0676688 
 .6913871 .4109036 
 .2344820 .8512487 
 .8461996 .3918496 
 .5234479 .2529331 
 .2757492 .2294123 
 .4366985 .9633277 
 .5064135 .5200762 
 .8685932 .0813048 
 .0172682 .5765536 
 .4583880 .6639769 
 .2416012 .7338545 
 .4647033 .8210817 
 .8680395 .7418381 
 .2898846 .5601600 
 .2224813 .3202024 
 .8808605 .5657926 
 .3268592 .0726742 
 .2304303 .7876411 
 .5912501 .6070164 
 .5369150 .9814061 
 .0058964 .3434110 
 .7234294 .4948363 
 .3507194 .5103319 
 .1308431 .3558957 
 .7107958 .5562242 
 .1284434 .2778863 
 .0434352 .9166854 
 .6685563 .1600240 
 .4398524 .9774344 
 .6685740 .0824535 
 .0033727 .3076832 
 .4461377 .1602394 
 .0555534 .8886259 
 .8582889 .8572783 
 .9979534 .1471631 
 .5883868 .8316105 
 .1044386 .0827198 
 .1581486 .8890579 
 .4882919 .5396138 
 .3764619 .4007536 
 .3588888 .5609325 
 .4193024 .2677476 
 .5207332 .5318041 
 .6013123 .3057410 
 .1271071 .1873331 
 .8720247 .3259097 
 .4228976 .1678468 
 .5585039 .1920088 
 .2252123 .2334971 
 .9789699 .1652697 
 .0126084 .0212126 
 .0539419 .7703136 
 .7280233 .7965298 
 .4152334 .5281723 
 .9382321 .4154817 
 .9189061 .9448196 
 .2127672 .9995189 
 .7537063 .2911557 
 .0541171 .9089102 
 .0367172 .5764275 
 .1826009 .6842553 
 .1256245 .7523998 
 .3949747 .8561627 
 .7622588 .0784904 
 .7044914 .9818407 
 .1926137 .6543306 
 .3482009 .9738489 
 .8694893 .7490900 
 .0186579 .6975847 
 .2079416 .5271982 
 .0332940 .8247803 
 .7909786 .3260792 
 .9744343 .8723741 
 .7610926 .4589722 
 .6826801 .9991452 
 .9174173 .7081300 
 .6200650 .1834765 
 .9911883 .7914361 
 .9784138 .5090818 
 .1039462 .1170532 
 .1216069 .0235262 
 .6211817 .5118862 
 .8343785 .5264099 
 .2840647 .1836910 
 .4087640 .1472159 
 .1061605 .2543785 
 .0237664 .0815638 
 .2207801 .5217132 
 .5431373 .7010036 
 .5055010 .8439931 
 .3367745 .7050484 
 .9285679 .3106790 
 .7770306 .2519232 
 .3800193 .2121200 
 .6136095 .2310242 
 .1786185 .2417591 
 .6186083 .1073681 
 100 
 .0816740 .2803010 
 .0330514 .0959066 
 .7537515 .8865407 
 .9418555 .7685008 
 .2447806 .0546914 
 .4469798 .4531460 
 .7482871 .1313743 
 .2774519 .7857192 
 .1041029 .6927402 
 .3364247 .2886379 
 .2120667 .7767468 
 .8933204 .5853950 
 .4565952 .6982153 
 .1248609 .4594911 
 .8167263 .7332017 
 .1212751 .0128788 
 .6499724 .6702335 
 .1196181 .1921660 
 .9762262 .4523551 
 .6088427 .3875475 
 .9226949 .1764857 
 .2624381 .0642750 
 .9825532 .3135882 
 .7729925 .7914533 
 .7363573 .3403785 
 .1553659 .8576172 
 .2214119 .6440296 
 .7051645 .1139110 
 .4328801 .6263462 
 .4883162 .9083023 
 .4116332 .8814706 
 .1246403 .0501464 
 .6153080 .0771158 
 .0298157 .6931003 
 .0659296 .0968880 
 .6999608 .8029041 
 .0924229 .9012420 
 .7525756 .3794329 
 .9995368 .6752804 
 .1557472 .6617002 
 .0437905 .8287583 
 .4507062 .9297055 
 .7171858 .4105560 
 .0549416 .9351815 
 .2532612 .0473210 
 .3655412 .0889585 
 .8877555 .6022399 
 .9941369 .8878376 
 .8253540 .8007577 
 .8721958 .1981000 
 .8698626 .9488006 
 .1723237 .3830924 
 .7403594 .8764583 
 .1891388 .2632607 
 .3805531 .1144271 
 .8910374 .8605813 
 .9204021 .2275815 
 .3582158 .0750941 
 .9031634 .8031188 
 .5165456 .0762046 
 .1701096 .8705799 
 .4027147 .4101284 
 .3093266 .0059820 
 .7823711 .7093258 
 .4219434 .9680767 
 .6062250 .4595528 
 .4240073 .7946568 
 .0331028 .4922673 
 .1576489 .6516604 
 .2651933 .6191080 
 .8913513 .6158318 
 .1081030 .9430353 
 .6936944 .6586945 
 .0532391 .6370279 
 .7030452 .4988332 
 .0363763 .0829883 
 .2099677 .2517686 
 .2954470 .8552614 
 .1297868 .9203070 
 .5615192 .6969440 
 .9674120 .1589519 
 .9860104 .8924867 
 .5503727 .2770436 
 .7383306 .7440011 
 .1016843 .4175382 
 .2927552 .6057081 
 .8018165 .0000268 
 .4403127 .4531337 
 .6963285 .0235043 
 .5772333 .5305105 
 .1778163 .2998190 
 .5899559 .4383965 
 .5303600 .1834362 
 .6192246 .2383245 
 .0817980 .3654258 
 .2713505 .8443625 
 .9615660 .7352042 
 .7696501 .1623390 
 .5946657 .5458156 
 .6073293 .0831927 
 100 
 .8482309 .9482060 
 .1660487 .4319774 
 .8462972 .6252992 
 .3809981 .1505214 
 .2284039 .4335214 
 .9299316 .1191360 
 .0837293 .7610084 
 .8541703 .8081213 
 .6672300 .2888586 
 .4254795 .0376648 
 .7078832 .9827397 
 .0828745 .0970922 
 .7492748 .8727000 
 .1942091 .8508498 
 .3045868 .3624657 
 .2527649 .6961015 
 .1341759 .7465885 
 .0903873 .7299405 
 .8245572 .0428427 
 .1549147 .5649823 
 .9103643 .3440260 
 .4271309 .1700450 
 .5709131 .2710786 
 .8951350 .1147793 
 .6730018 .8189870 
 .6032835 .8079968 
 .5316914 .4165537 
 .2776135 .8211121 
 .8186888 .2965814 
 .7163196 .2000801 
 .8487512 .6576200 
 .0263255 .7485066 
 .9909017 .3929314 
 .0766808 .5057800 
 .8433528 .6050336 
 .1053259 .8791289 
 .4265275 .3908603 
 .3241050 .8870052 
 .0226058 .5865095 
 .8716866 .4401336 
 .1452663 .8525207 
 .0066674 .1705146 
 .8698868 .6489158 
 .6424998 .5996227 
 .4900821 .7196203 
 .0184067 .9345560 
 .9762348 .5416577 
 .4800251 .9519916 
 .4682856 .0964373 
 .2015674 .6690109 
 .1986352 .0268322 
 .5967137 .1392189 
 .6592409 .9303459 
 .7046430 .0216180 
 .0350135 .8187662 
 .7544989 .7554400 
 .1460928 .6991056 
 .3475657 .3811295 
 .2846641 .2875805 
 .3803985 .3579235 
 .9953204 .9836979 
 .2805390 .1615368 
 .3167449 .7684567 
 .8431324 .9583528 
 .2493234 .4500261 
 .6331700 .1397810 
 .8983770 .9003097 
 .4331133 .7940947 
 .2136616 .2823248 
 .6357118 .0626490 
 .5377935 .8746066 
 .0608241 .4799192 
 .0119660 .5056573 
 .8543856 .4768319 
 .6768873 .8070980 
 .5362549 .8164163 
 .9479536 .9044094 
 .7179042 .3494087 
 .8214159 .6522632 
 .5147247 .5821342 
 .1553786 .3882214 
 .4224787 .5342954 
 .8260253 .1622987 
 .7920729 .5622491 
 .3331619 .6763276 
 .5877449 .5034846 
 .0551630 .3495141 
 .6048589 .8673532 
 .0543467 .0658095 
 .6962016 .0001789 
 .0198553 .7430278 
 .9388667 .2717327 
 .2039339 .8187933 
 .3839094 .3842034 
 .3442307 .4376871 
 .5718661 .8512862 
 .5420563 .3481603 
 .0603570 .4283661 
 .5445778 .5151702 
 .6742391 .6270159 
 100 
 .2053593 .9008645 
 .1205549 .1877128 
 .1076320 .8742553 
 .2637359 .2208068 
 .1508590 .8324872 
 .1725744 .3019063 
 .7336908 .8392777 
 .6582817 .7059876 
 .1129580 .8361859 
 .2389072 .7042415 
 .3640663 .1228223 
 .2934117 .8859501 
 .5857023 .6337300 
 .8001743 .1990873 
 .7412860 .8007348 
 .8685667 .1598854 
 .6587720 .6558428 
 .8348717 .7328291 
 .7543620 .9145624 
 .7591398 .9354750 
 .2271016 .1336048 
 .6689958 .4216664 
 .7003552 .1485676 
 .9788203 .2241565 
 .1604355 .7922010 
 .4845459 .5129014 
 .8473648 .7354912 
 .6994361 .6053669 
 .4605273 .9828282 
 .7460619 .4446348 
 .3129813 .3272691 
 .4331534 .1719444 
 .2500991 .6081088 
 .5895060 .0320678 
 .2761495 .0239408 
 .4545485 .3696536 
 .6290842 .5908897 
 .3779576 .5468898 
 .9192885 .0860184 
 .8877228 .8195788 
 .0000814 .9058342 
 .1637452 .0695124 
 .2514289 .0626155 
 .1062871 .2629118 
 .4063555 .3377487 
 .7067957 .9821909 
 .0920281 .1496668 
 .6917001 .6934419 
 .7421257 .1501147 
 .9841367 .8343580 
 .9990343 .5496021 
 .1680994 .5438370 
 .3862892 .7418299 
 .7856461 .0497731 
 .8036736 .4358661 
 .0794218 .4675860 
 .8771337 .1396923 
 .0262969 .0583736 
 .6683437 .8327109 
 .6972644 .8092535 
 .6869991 .8186924 
 .8153024 .4239944 
 .2129003 .3027155 
 .7455958 .2814795 
 .9722536 .8617106 
 .1077246 .4024046 
 .2585326 .7915213 
 .0010806 .6679389 
 .3653581 .8647479 
 .9242616 .1023908 
 .1173258 .3113002 
 .4754399 .5472538 
 .4421965 .2633480 
 .6600902 .0358972 
 .1095214 .3515074 
 .1089234 .0836377 
 .4392569 .9004028 
 .9137918 .3315150 
 .1193837 .9874978 
 .5016272 .8558271 
 .1116561 .6750618 
 .5525502 .2488944 
 .5044958 .6146195 
 .1820468 .4966397 
 .3144033 .0069987 
 .3899624 .8699330 
 .5522082 .0674278 
 .2599121 .5912809 
 .9557074 .6198195 
 .8879625 .9558773 
 .9308734 .5906944 
 .0330039 .8332973 
 .4125385 .7919272 
 .7045131 .9477536 
 .2124032 .7109177 
 .2153142 .8628627 
 .3150585 .7426904 
 .6938767 .9508271 
 .5465939 .5140719 
 .9265613 .5128579 
 100 
 .7979440 .2162930 
 .1264344 .2820673 
 .9465706 .1673627 
 .4307330 .3639913 
 .8830308 .5951745 
 .4301750 .7728832 
 .3986053 .7297907 
 .8339837 .5609855 
 .5991137 .0195016 
 .6661373 .5076668 
 .1384746 .3783520 
 .5498695 .7676384 
 .7611434 .0086422 
 .2352384 .0419714 
 .9404236 .1337397 
 .3125613 .9393467 
 .0224685 .9751452 
 .9740851 .3824268 
 .1437143 .0014388 
 .8663297 .2674627 
 .8801751 .7912603 
 .8325133 .1237783 
 .3956383 .1511396 
 .1822574 .2006359 
 .7549857 .2125625 
 .7357636 .1267166 
 .7187823 .3394266 
 .1507839 .8740706 
 .0835809 .4827793 
 .0193535 .9834461 
 .5142418 .2377285 
 .1713495 .5784157 
 .5526201 .8384474 
 .9848636 .2562213 
 .4913821 .6595493 
 .9080588 .0757791 
 .1701360 .9015577 
 .6600127 .0873632 
 .2686547 .8880292 
 .7029401 .6211459 
 .8113908 .0928817 
 .7565517 .2675455 
 .5188811 .3869179 
 .7360356 .4732555 
 .1926840 .2181966 
 .1046623 .2124259 
 .0363242 .1350703 
 .9942108 .4797778 
 .9180091 .2741666 
 .5027041 .5359758 
 .9817726 .6566105 
 .4582294 .9974089 
 .3098636 .2901612 
 .9563092 .0221448 
 .8157693 .5259376 
 .6402962 .9582867 
 .1769223 .6668276 
 .6909781 .7847763 
 .0590234 .7087794 
 .7019260 .3199093 
 .4876886 .9917637 
 .1074901 .2689730 
 .0229486 .5575314 
 .8546524 .4365206 
 .1106489 .7071689 
 .0095960 .4853920 
 .0321800 .6111507 
 .5937498 .0657077 
 .3478561 .2738826 
 .9686148 .4822293 
 .4148249 .5569026 
 .5377930 .7747367 
 .9302792 .6207508 
 .5997182 .5479364 
 .6651112 .7932925 
 .2445389 .4369340 
 .4596591 .6877924 
 .8098359 .0009925 
 .6870029 .9905451 
 .3462711 .3092033 
 .9730178 .7661671 
 .7372776 .6613359 
 .9062586 .8770240 
 .6954009 .8575464 
 .3723766 .1074812 
 .1383182 .2113411 
 .2923133 .1870172 
 .9337792 .0482411 
 .9036408 .9194949 
 .3861532 .6425084 
 .9602736 .2873436 
 .9968262 .2481077 
 .6850183 .3848282 
 .0327845 .8473139 
 .0272193 .4572690 
 .5362439 .1780783 
 .4767454 .7337944 
 .0445558 .1539499 
 .7759127 .1282490 
 .0927328 .5400639 
 100 
 .4502966 .6720183 
 .3572103 .2149663 
 .9329212 .5970494 
 .0727892 .9878960 
 .6566649 .6080319 
 .3065019 .1491042 
 .9970686 .8078248 
 .1813172 .0388997 
 .2097032 .1455676 
 .7755455 .1988970 
 .0580320 .7557680 
 .9344444 .3234377 
 .8919244 .1998021 
 .5602505 .4048906 
 .4238109 .8969730 
 .2245877 .2455453 
 .9565635 .8663360 
 .4893350 .9106211 
 .6297013 .6561877 
 .6324711 .6785577 
 .3411128 .8162235 
 .2455775 .5007652 
 .0303107 .7061608 
 .2784539 .7454114 
 .3239448 .5098999 
 .6201159 .8381629 
 .1800608 .1493216 
 .4781840 .0340853 
 .8470465 .9173834 
 .0917635 .6036904 
 .5865262 .0645608 
 .3152475 .7744247 
 .2942932 .7016624 
 .1584644 .3562456 
 .1748678 .0889109 
 .4661411 .5533767 
 .4560976 .9667064 
 .7581693 .4183870 
 .9305224 .7859597 
 .2105509 .0714416 
 .7276735 .6910743 
 .4015683 .4564503 
 .6912197 .5098568 
 .5325780 .2439330 
 .2795646 .8626215 
 .2992735 .6622454 
 .9383003 .3058083 
 .5662059 .6264130 
 .0054882 .0993410 
 .8011998 .5567222 
 .6912176 .0949834 
 .3609616 .6944567 
 .4939583 .1859033 
 .8760497 .4242692 
 .2380118 .9737900 
 .0413803 .9336767 
 .0865495 .4749918 
 .1439640 .2495962 
 .4384501 .9145054 
 .9065371 .9967228 
 .2770789 .4970623 
 .1355548 .7674275 
 .7154333 .4862816 
 .8635658 .3597511 
 .2723802 .3916846 
 .9856971 .8485192 
 .6041762 .4225752 
 .8117452 .9616394 
 .4767592 .9181583 
 .6806063 .9337902 
 .8575748 .9430816 
 .1913820 .2350064 
 .9786180 .8226224 
 .2618909 .5916422 
 .6100792 .6952867 
 .8843831 .7388731 
 .8091486 .2334135 
 .0514219 .5118215 
 .9812984 .0127809 
 .0010625 .2785875 
 .8093979 .5259557 
 .9960172 .3624592 
 .7544685 .8945071 
 .8103837 .9494131 
 .3834136 .7429983 
 .6410979 .9252069 
 .3938219 .6911520 
 .1684979 .9659639 
 .2315892 .1755469 
 .0276272 .7866656 
 .6688034 .9419156 
 .2730907 .4404506 
 .3497286 .1043673 
 .9667990 .6025877 
 .5319816 .1369292 
 .4187100 .4484816 
 .1457597 .9714702 
 .6821020 .5646130 
 .6514145 .3876208 
 .6509012 .7719470 
 100 
 .4674331 .3955179 
 .7185374 .1875797 
 .1271307 .0693581 
 .8146327 .6342916 
 .6507443 .4646238 
 .3039285 .8987351 
 .4252968 .4577343 
 .4651534 .5442669 
 .3902303 .6345487 
 .0074141 .1484491 
 .4425463 .2118863 
 .4570747 .0400313 
 .2986917 .3298273 
 .5753748 .8753179 
 .8668507 .2652738 
 .7501331 .6762506 
 .4653011 .9898908 
 .2351979 .1468224 
 .6302227 .2663725 
 .0677385 .0226314 
 .1374649 .8217816 
 .5424418 .6599923 
 .2524446 .1687709 
 .5170746 .7431004 
 .8432092 .9155889 
 .0071182 .5248037 
 .2539229 .9021876 
 .1271718 .0006261 
 .8372701 .6482639 
 .2699655 .3663212 
 .5696755 .2629599 
 .4840301 .4834577 
 .6954725 .4460053 
 .5097446 .2698764 
 .0253659 .2445843 
 .2395246 .2743398 
 .1983889 .9949355 
 .0477431 .4568576 
 .4402013 .9859212 
 .2434841 .5850427 
 .3366755 .8843234 
 .7758302 .8169618 
 .8004234 .3467080 
 .3959885 .0543252 
 .3368894 .4361342 
 .0695618 .5360488 
 .2010205 .8270543 
 .0395864 .8582355 
 .0479972 .1192249 
 .2579921 .0470114 
 .8822015 .1296262 
 .8087926 .3074291 
 .8451905 .4660297 
 .5070006 .3943610 
 .6910744 .1202568 
 .3268792 .9069702 
 .3990310 .8041153 
 .1331056 .8415081 
 .6778814 .2747506 
 .9876310 .0298600 
 .2243548 .3845139 
 .8998846 .1629991 
 .2900461 .9066831 
 .2823937 .4063192 
 .8647694 .6332743 
 .7592856 .5522494 
 .7561963 .5530256 
 .7303966 .5566321 
 .8849854 .2722039 
 .7852628 .4385985 
 .7562324 .8514577 
 .4429907 .0961413 
 .5346308 .9493036 
 .7073312 .7457896 
 .3524163 .0752610 
 .7000973 .5167623 
 .0136004 .7889300 
 .4867882 .2372610 
 .4103624 .1987193 
 .6398200 .6001705 
 .7104015 .9162501 
 .7885083 .5819149 
 .3677197 .9479808 
 .2598278 .0435928 
 .6013615 .5300860 
 .9863716 .6373130 
 .2122386 .7493696 
 .4017744 .1799175 
 .1899694 .4927764 
 .5005445 .1855271 
 .9098230 .8191657 
 .2376743 .8496172 
 .9320313 .6752152 
 .7999866 .9701578 
 .2770753 .8459022 
 .9998129 .5327623 
 .0337232 .4397564 
 .3137129 .3713098 
 .4217462 .7982624 
 .2934246 .7751819 
 100 
 .8260335 .6632083 
 .7795002 .4186003 
 .3784093 .3486868 
 .3040273 .7436103 
 .6104926 .5966689 
 .2188777 .0805533 
 .4455871 .2348361 
 .5589607 .4204411 
 .9374922 .6284872 
 .7624032 .8820158 
 .9844575 .5880831 
 .6253289 .4994880 
 .7199054 .6611655 
 .9593785 .8895129 
 .0681819 .8402400 
 .2242076 .4699371 
 .4011239 .3325501 
 .9913165 .9677405 
 .3747973 .2767598 
 .7136286 .6764531 
 .5880339 .7061871 
 .3686272 .9486745 
 .0955237 .6366777 
 .7405140 .3191844 
 .1258594 .3252535 
 .2251473 .9680575 
 .3842439 .3665946 
 .0843865 .4081949 
 .5332093 .6690040 
 .2352926 .7123048 
 .0028173 .2180332 
 .3133395 .6126287 
 .0320677 .0702046 
 .4637711 .6821534 
 .3208000 .8345278 
 .8454059 .7456975 
 .0988758 .0465557 
 .1179481 .8176581 
 .7070428 .8068434 
 .3561233 .3023598 
 .5292593 .7686408 
 .2081139 .9424205 
 .6045528 .3817469 
 .1957455 .0173443 
 .4503607 .0314632 
 .5310576 .4732179 
 .2089042 .5917880 
 .5772101 .8369499 
 .5311429 .6161704 
 .1775101 .7044802 
 .6743932 .0305763 
 .7686268 .9988353 
 .8324366 .3230915 
 .9241734 .7153451 
 .1510384 .8300727 
 .3717067 .0897948 
 .3049105 .2267492 
 .4062100 .5603011 
 .7094322 .6034467 
 .9902101 .0022952 
 .8845484 .8480349 
 .8762230 .8927110 
 .3393577 .1990786 
 .1901462 .6363320 
 .4516259 .9582691 
 .6409136 .5337891 
 .7119894 .0683198 
 .6261146 .9939449 
 .6105820 .6244016 
 .9267581 .7378871 
 .2744035 .8816556 
 .5558335 .9895100 
 .3145920 .8741323 
 .9612044 .0182224 
 .4990297 .7349432 
 .6875581 .8497133 
 .8000489 .0042721 
 .4660420 .3854691 
 .7395835 .8694329 
 .4027469 .4028855 
 .1125715 .0751872 
 .5447585 .7149068 
 .1489209 .2863097 
 .8689901 .8581631 
 .6975614 .5287065 
 .1058491 .6961087 
 .4931696 .9685215 
 .4058721 .8507217 
 .0947359 .1364009 
 .4992040 .4324283 
 .4503896 .6296977 
 .6890946 .5801059 
 .7174747 .6296751 
 .9528534 .2458284 
 .1109300 .9919850 
 .9758428 .7944647 
 .0142185 .3826426 
 .6825066 .6058742 
 .9005486 .5516661 
 .5070370 .1742820 
 100 
 .0005692 .4132886 
 .2064789 .3399950 
 .0262714 .6234527 
 .5897622 .3449702 
 .2171451 .7379533 
 .4337541 .3954019 
 .7988727 .1613790 
 .5858302 .2984801 
 .6096491 .7587017 
 .5030885 .4113259 
 .8147656 .4362505 
 .1300818 .4298589 
 .6440195 .8826771 
 .1362179 .2235273 
 .9839951 .1066363 
 .3746940 .6954703 
 .1609321 .9670653 
 .4283854 .1613038 
 .7699363 .5524237 
 .9034120 .5753724 
 .0403360 .4528291 
 .5345638 .6105091 
 .7602029 .5469835 
 .1822852 .5731279 
 .6881048 .1949034 
 .6199028 .8043743 
 .8171805 .4260285 
 .0111386 .9121071 
 .6732967 .0160734 
 .7280885 .1672039 
 .5605033 .8682771 
 .4126703 .8881203 
 .5359197 .9062874 
 .8814561 .7743025 
 .8126995 .2350649 
 .7437214 .0139997 
 .8515065 .5586892 
 .7618569 .6047671 
 .8931380 .1230800 
 .5359184 .6425347 
 .0802077 .5781858 
 .7314331 .2520618 
 .2743145 .3664279 
 .6705496 .1799392 
 .5445219 .2178966 
 .7376138 .6205741 
 .1184197 .1812621 
 .9651873 .3028192 
 .0711818 .8933618 
 .8067973 .8746312 
 .5910428 .4782512 
 .0972285 .7673815 
 .3991285 .9939200 
 .3663472 .5197378 
 .6027653 .5751803 
 .0121802 .4504139 
 .3969066 .6551947 
 .5446789 .9840767 
 .7583081 .6240184 
 .5621732 .1873408 
 .4492217 .1761618 
 .8843762 .4315964 
 .7968026 .0238148 
 .0928445 .7734462 
 .0638093 .6588006 
 .5634286 .7762893 
 .6856603 .9228166 
 .0443831 .1701324 
 .8161661 .2178631 
 .2548395 .9805468 
 .7844228 .6202340 
 .3551919 .5088659 
 .1911064 .7528265 
 .1650097 .7087577 
 .1238809 .2601075 
 .5542745 .9112437 
 .6965081 .7936256 
 .5764590 .2705991 
 .8496562 .6667659 
 .9011109 .4443941 
 .8160212 .3262935 
 .3806022 .5267482 
 .2583472 .5033921 
 .7794433 .7067056 
 .9339177 .7741695 
 .6214546 .0430265 
 .6082450 .1422485 
 .7740493 .5896623 
 .3066678 .4548640 
 .9812964 .2672682 
 .0155326 .7171412 
 .4572354 .6873419 
 .4722333 .8527034 
 .4244836 .8664860 
 .2507880 .7857361 
 .8844409 .6259156 
 .1794759 .9409068 
 .8757473 .6001883 
 .1295149 .8613704 
 .1459983 .2612704 
