 15 
 10 
 .8183892 .4929768 
 .4060003 .6464021 
 .6673119 .3007983 
 .3283856 .4356078 
 .7079213 .7496262 
 .3988946 .9371529 
 .1729512 .0135599 
 .4489141 .0562685 
 .7066958 .1568812 
 .6843121 .5391302 
 10 
 .1470158 .6131368 
 .1251936 .2125058 
 .7411042 .2036110 
 .8044316 .4252316 
 .2116787 .2721307 
 .6624317 .7419167 
 .8043960 .5698598 
 .6684968 .2824909 
 .4043257 .1895910 
 .4978816 .2117592 
 10 
 .9819494 .9247995 
 .7895648 .6555445 
 .6774995 .1526794 
 .4818264 .5863090 
 .1042028 .3883077 
 .0373098 .7508847 
 .9812760 .1422699 
 .7802728 .2131439 
 .7190162 .1872961 
 .5176013 .1996263 
 10 
 .4811719 .7890001 
 .7307729 .2483504 
 .6416435 .3074510 
 .7247301 .6898011 
 .2185930 .6933254 
 .2054522 .6914300 
 .2818990 .0855741 
 .0223121 .8674689 
 .6497331 .7051559 
 .6329768 .1264628 
 10 
 .2645109 .7072475 
 .7940569 .2692202 
 .0027461 .2156894 
 .8038497 .0668658 
 .5500578 .4690731 
 .2657439 .2869247 
 .2719144 .3460835 
 .9310821 .4768678 
 .3302928 .4342739 
 .0349050 .2788606 
 10 
 .9214463 .6246410 
 .1609417 .5936015 
 .4130653 .7549695 
 .7548685 .9296428 
 .0004415 .3262165 
 .8261362 .5994951 
 .6284554 .4539743 
 .2049771 .8246475 
 .3744668 .1045789 
 .2064473 .9954281 
 10 
 .9791453 .8534963 
 .1389457 .9429130 
 .1580949 .8805010 
 .4094856 .7008948 
 .8244548 .1076445 
 .8384857 .3857771 
 .1866613 .1553738 
 .2068934 .9582049 
 .3288765 .4401866 
 .2094733 .1467937 
 10 
 .4944040 .0021782 
 .2589793 .0435247 
 .7223523 .7085282 
 .5431006 .0917511 
 .2700539 .9426756 
 .1334239 .5883519 
 .6109375 .8094160 
 .7246007 .5558973 
 .6398523 .7517105 
 .8713528 .9907908 
 10 
 .6429080 .2113998 
 .7072969 .0787571 
 .8818773 .9365514 
 .5767284 .9467815 
 .2767682 .5436186 
 .4798801 .7852092 
 .3044665 .2212244 
 .6026696 .5572143 
 .2140284 .6900073 
 .5399778 .7847701 
 10 
 .0254319 .8228279 
 .3809643 .7676445 
 .2510217 .2325520 
 .0472302 .6993154 
 .2676654 .6388464 
 .7886938 .0731009 
 .8704415 .3567530 
 .3642490 .0427490 
 .5406436 .6715138 
 .1685491 .4712662 
 10 
 .8346824 .4769863 
 .6039888 .6644121 
 .2062440 .0973062 
 .7170695 .5730862 
 .3594768 .8589847 
 .0872171 .8313045 
 .4311925 .3466780 
 .9276958 .5806460 
 .1377253 .4111917 
 .2739268 .7624747 
 10 
 .4073670 .3911830 
 .1231819 .5179344 
 .5498226 .5862730 
 .7676891 .5422120 
 .9750900 .1421574 
 .8345682 .6508972 
 .8381912 .9785996 
 .4021021 .3269597 
 .4134473 .4471687 
 .8815749 .4589625 
 10 
 .8401374 .7230507 
 .2036477 .6241461 
 .1655777 .6274696 
 .4819297 .8210010 
 .0645527 .1950133 
 .1854240 .1594142 
 .6457841 .8317241 
 .5648007 .2544676 
 .4643897 .7809882 
 .4613761 .4620096 
 10 
 .0292231 .6883062 
 .6861621 .0972497 
 .1982464 .6337422 
 .0808077 .7863693 
 .0538356 .8205026 
 .5415756 .4475305 
 .9908014 .3454797 
 .2681085 .3512345 
 .3680885 .7459806 
 .0445275 .4777552 
 10 
 .3932463 .3670343 
 .4127902 .1158917 
 .8370022 .5139163 
 .2861173 .4145716 
 .3112698 .7706168 
 .1900814 .4264279 
 .4728466 .1402063 
 .4145500 .0273955 
 .6095529 .5981834 
 .6024849 .8531676 
