 15 
 70 
 .3159037 .7502419 
 .7481957 .8869962 
 .7706732 .9450779 
 .7132958 .2558723 
 .5863532 .0053094 
 .9672116 .9574522 
 .3642537 .0163932 
 .5087476 .6115913 
 .2368301 .6025610 
 .5502275 .7446338 
 .5671362 .4679812 
 .6564673 .5467259 
 .8873910 .2412295 
 .5448470 .8270387 
 .4993991 .0902377 
 .6640833 .0364834 
 .5480072 .1516261 
 .2295017 .3680795 
 .7523304 .8401321 
 .9632992 .0014881 
 .9357954 .4964989 
 .6858898 .5498763 
 .3202831 .9589758 
 .6328305 .6512657 
 .2144609 .3052782 
 .6224543 .3173700 
 .8919401 .4467460 
 .8510820 .9426769 
 .4688230 .1403045 
 .2119657 .5547065 
 .4876827 .4299533 
 .8748293 .6600121 
 .4186929 .0886675 
 .8664243 .5541198 
 .8086636 .2920706 
 .1878272 .7992441 
 .4427836 .9428164 
 .4076577 .2508259 
 .4170908 .6425741 
 .6859191 .9897140 
 .9247367 .5776293 
 .0021432 .1857189 
 .9961354 .2826765 
 .3628845 .6123086 
 .2497572 .5511667 
 .5137419 .5209419 
 .4417834 .2828656 
 .9339114 .0739676 
 .4717539 .8508592 
 .5881870 .6716892 
 .4178563 .1193910 
 .1812403 .3741417 
 .7372890 .4764149 
 .8183251 .2308729 
 .2593331 .5238743 
 .5291829 .6496013 
 .9940470 .1952621 
 .7492668 .8515733 
 .7380102 .2822487 
 .4533725 .8097802 
 .3279387 .3258737 
 .2677568 .6154699 
 .2084461 .6762656 
 .8017617 .6756169 
 .4643633 .7988503 
 .0802319 .1537324 
 .0310390 .5928355 
 .9525378 .2106398 
 .5355571 .0151729 
 .5191918 .4001339 
 70 
 .9229956 .5335051 
 .9567834 .4838207 
 .1573640 .1655646 
 .8276607 .3444265 
 .0168537 .8383996 
 .4113651 .9295071 
 .1751677 .6944327 
 .3566788 .5173037 
 .9101278 .3959938 
 .7801907 .2705189 
 .1301355 .4863951 
 .7709147 .1765536 
 .8685540 .9421051 
 .2296303 .1462826 
 .5633253 .1229243 
 .3926484 .2772892 
 .5993148 .7585335 
 .7665528 .0386523 
 .7166161 .2011753 
 .2245303 .2974216 
 .6395336 .1638037 
 .5650884 .5138509 
 .0058294 .2265924 
 .9766771 .8528261 
 .4092307 .6454982 
 .8408784 .0997459 
 .8328131 .9854254 
 .5838234 .7749287 
 .3568449 .8156982 
 .4792368 .2934530 
 .8696655 .5728123 
 .2334018 .9367257 
 .3793237 .5780842 
 .8462979 .2450473 
 .8896873 .3966193 
 .8355824 .6015268 
 .8276983 .9772743 
 .8098852 .5889352 
 .5360497 .4967604 
 .1514591 .4319957 
 .9129612 .1580166 
 .9694902 .6952304 
 .1105776 .4142498 
 .4557231 .5353430 
 .2059716 .6938746 
 .4424075 .2892503 
 .5314523 .6137693 
 .6453257 .0338063 
 .1790224 .2520849 
 .2757282 .9380374 
 .0500415 .1080689 
 .1157826 .6378349 
 .3656040 .1432899 
 .6515499 .3285856 
 .1334749 .4520451 
 .5119338 .5626777 
 .7188124 .7618844 
 .5254185 .5632368 
 .1109870 .6688758 
 .6201251 .8673532 
 .1277497 .2547441 
 .1856712 .8734929 
 .7484555 .9401211 
 .2039366 .9082627 
 .8051745 .9631369 
 .4440103 .2042690 
 .8569708 .0362294 
 .4957366 .0879883 
 .3885666 .2646455 
 .7652889 .0463954 
 70 
 .3576776 .4834223 
 .3414999 .4431000 
 .1006735 .3989672 
 .6171487 .6959580 
 .9165365 .3574591 
 .6564813 .8530747 
 .1945148 .6934811 
 .6678077 .7948465 
 .3290578 .3643168 
 .8844937 .7657141 
 .1617277 .3115094 
 .1829465 .5576619 
 .2764700 .5123499 
 .5636972 .3227286 
 .8120393 .2282289 
 .0703047 .5159160 
 .8911866 .2000277 
 .8869589 .6324344 
 .3355623 .5962183 
 .4932506 .9112372 
 .7608452 .9378760 
 .3050034 .6747940 
 .8385130 .9946624 
 .8222452 .0450772 
 .5665978 .1927828 
 .7557252 .9373113 
 .5968599 .2632605 
 .9157779 .9431941 
 .4927357 .9873587 
 .0131962 .3685716 
 .4013144 .7039223 
 .3200067 .6189723 
 .8611420 .9065736 
 .9350532 .5995024 
 .8709842 .3903615 
 .9489942 .0204145 
 .1354680 .0584222 
 .0471076 .6207062 
 .4919148 .1577319 
 .1550830 .4214288 
 .5063376 .3049027 
 .9391783 .2175045 
 .3906499 .5514816 
 .8216138 .5688107 
 .7102900 .7241245 
 .3563014 .4526071 
 .4818505 .5966286 
 .2078459 .3221031 
 .5515761 .7838909 
 .6546288 .3496065 
 .6329155 .7056984 
 .7485915 .8242983 
 .7873316 .1016358 
 .4514834 .6687768 
 .8674549 .3755893 
 .8587385 .4171264 
 .6030557 .9351217 
 .8341952 .2799374 
 .3833733 .5306678 
 .0154853 .5654580 
 .8467298 .6928418 
 .4024980 .1254233 
 .2902249 .4514226 
 .9887746 .9811267 
 .5063181 .7725962 
 .7044241 .1294861 
 .4744114 .1850415 
 .0630622 .9372625 
 .6067964 .9312454 
 .2857886 .6487296 
 70 
 .8796973 .1663037 
 .4412202 .4400040 
 .7692646 .1581757 
 .6085134 .1714655 
 .7444235 .4842132 
 .7440238 .4752427 
 .1161006 .6695420 
 .5031957 .9621573 
 .9657102 .8118274 
 .6163317 .9738311 
 .0225246 .1598838 
 .6064823 .2103987 
 .7648401 .4737713 
 .9237252 .4394680 
 .4063430 .8422438 
 .3939679 .9821584 
 .2069242 .4579527 
 .8710250 .3592575 
 .8140537 .0774465 
 .9544916 .8842997 
 .8818577 .3850305 
 .5967645 .5677164 
 .5028957 .5377286 
 .5618607 .8416694 
 .1824773 .5312160 
 .3953525 .6607894 
 .0348348 .8694425 
 .3851899 .7493258 
 .1197403 .9570193 
 .6913146 .3572091 
 .5898833 .7140859 
 .3391979 .0007648 
 .4936513 .6265861 
 .2376603 .3803225 
 .2725573 .7164407 
 .1109599 .0062750 
 .4925676 .1092968 
 .7330758 .9842843 
 .1266801 .7931385 
 .8097720 .8038429 
 .4224217 .0373373 
 .1503036 .6743006 
 .3901508 .4544979 
 .4719397 .7283041 
 .2713056 .9499755 
 .5407212 .9713856 
 .7126977 .3670118 
 .8124560 .8427203 
 .1937673 .4873149 
 .9277919 .2478775 
 .6260467 .6133943 
 .1506956 .4492436 
 .7530753 .1033232 
 .1247124 .7107397 
 .4973396 .2516274 
 .3474040 .4850093 
 .8886160 .5499680 
 .9092430 .5354547 
 .5130431 .7939790 
 .8754188 .9718814 
 .0794921 .3413209 
 .9613585 .9540991 
 .9319960 .1214955 
 .8067148 .9271537 
 .0542982 .2385253 
 .3170164 .7769716 
 .9126487 .1190026 
 .5335239 .2555941 
 .6509543 .5035501 
 .8139944 .3779231 
 70 
 .6609548 .9601808 
 .4514327 .1314977 
 .0593872 .2516883 
 .1034051 .5993230 
 .4617803 .4918107 
 .6175217 .2426977 
 .6837522 .6897853 
 .2731538 .3333749 
 .3481042 .5608178 
 .5567617 .0067632 
 .2397973 .3592171 
 .9772583 .7122775 
 .7286881 .3972742 
 .9250432 .4828947 
 .4568755 .7096672 
 .1876105 .8905063 
 .2363003 .3110493 
 .6473677 .1913098 
 .8830186 .4117838 
 .2824105 .3282740 
 .3749852 .9793303 
 .4348884 .4151914 
 .7953927 .7738298 
 .1581647 .2860086 
 .2362763 .4967645 
 .2446429 .7985537 
 .0973598 .4594682 
 .3997929 .9154694 
 .6206553 .1295105 
 .2809760 .1666616 
 .3372778 .4108588 
 .2660474 .8839017 
 .3419682 .3590100 
 .5478091 .4839195 
 .6130772 .4632716 
 .3451010 .8934136 
 .3089142 .3208296 
 .7460677 .7274301 
 .1305587 .5944544 
 .2078202 .7585381 
 .1691302 .1384501 
 .4707330 .1926997 
 .5622623 .0840229 
 .2338937 .8807261 
 .8677992 .9214108 
 .1971442 .3612529 
 .1076642 .0651740 
 .0086430 .0092964 
 .4141177 .3417515 
 .4563296 .9481981 
 .2843654 .0330519 
 .2859996 .1041503 
 .4653631 .7222224 
 .8843049 .1110670 
 .9838415 .8311306 
 .4857868 .9163395 
 .0297097 .4642654 
 .4904291 .0395316 
 .2042277 .4690060 
 .0411044 .5783586 
 .6553452 .4133010 
 .5250698 .2588869 
 .1265227 .8320212 
 .6342652 .0468115 
 .9148488 .4033852 
 .7369808 .9684638 
 .8294988 .9251839 
 .4573954 .6658859 
 .8101974 .7428356 
 .5959551 .5994214 
 70 
 .9425122 .7508594 
 .1064600 .4208497 
 .9151709 .7969513 
 .2164704 .5146488 
 .9143144 .2517618 
 .5651370 .6265634 
 .6383375 .0934885 
 .2532006 .3867859 
 .3298722 .9577892 
 .9576159 .8467860 
 .9312016 .5210809 
 .9494253 .2786565 
 .8361078 .0572877 
 .3470537 .7658309 
 .0825072 .2103270 
 .8045214 .8136856 
 .7413801 .5703533 
 .8290799 .5349123 
 .9310937 .5817965 
 .9868822 .0621569 
 .2324316 .1338177 
 .5173940 .7913001 
 .8961074 .8147418 
 .6537607 .8824445 
 .4064332 .6145915 
 .7411592 .0991863 
 .6647800 .6348275 
 .7496936 .4446376 
 .9446648 .3500704 
 .8715510 .9869450 
 .1943880 .8387268 
 .6403177 .5272550 
 .2582760 .2713442 
 .6674733 .0562501 
 .8764182 .3679614 
 .0985457 .9160295 
 .3154783 .4969734 
 .8781155 .8142946 
 .2773657 .0138947 
 .6952259 .8470233 
 .1134241 .1921365 
 .0626756 .9311402 
 .8120008 .9803186 
 .5565658 .9246152 
 .8869367 .5699776 
 .1852345 .5500022 
 .0213454 .5496048 
 .7357569 .3081849 
 .6501609 .8690163 
 .5154191 .0790607 
 .8190065 .9929257 
 .1063917 .1995963 
 .5461085 .9725144 
 .7131523 .5691668 
 .1359204 .6345761 
 .7204245 .7768673 
 .7329816 .0427234 
 .6984405 .3325962 
 .8349678 .6249634 
 .9835788 .7076933 
 .1650619 .1249696 
 .0048076 .8837816 
 .5833258 .4963625 
 .7862642 .2397712 
 .6298590 .1335632 
 .7876399 .5837393 
 .5618291 .9700622 
 .8882207 .6031544 
 .7821203 .9635510 
 .5063629 .5456839 
 70 
 .4570201 .7530641 
 .3902631 .0731497 
 .6692070 .6793611 
 .5220279 .4101075 
 .1229711 .2070227 
 .0366575 .5305469 
 .3712521 .8134226 
 .4495398 .5233826 
 .6163714 .7916497 
 .3768150 .7192564 
 .8834163 .7648709 
 .0764182 .8547247 
 .9997763 .0793345 
 .4751466 .6397068 
 .2464710 .1204823 
 .0076363 .6621376 
 .3743209 .9072658 
 .8930766 .6296403 
 .1858370 .4270143 
 .9187390 .4687414 
 .0446104 .8778690 
 .0773720 .6722220 
 .1481200 .5261558 
 .3971011 .3366655 
 .5349008 .9379068 
 .0740978 .3346609 
 .6280841 .0203251 
 .8238377 .7264710 
 .3670948 .1611207 
 .6476662 .4788235 
 .0579166 .7695850 
 .5965390 .4058480 
 .0774799 .1288217 
 .4196042 .4985991 
 .2845395 .5269733 
 .2156562 .9221133 
 .8905448 .4473728 
 .5518197 .3270600 
 .7896311 .9015819 
 .3550228 .0788168 
 .7846139 .9610319 
 .7843027 .8197390 
 .3109270 .7957444 
 .0096491 .6575446 
 .3754493 .1131613 
 .2973539 .3586298 
 .4022763 .2947271 
 .1615878 .3017907 
 .1103726 .6783354 
 .9035899 .6347948 
 .7238343 .6943489 
 .1273217 .0305459 
 .7068663 .7324131 
 .4851315 .5557477 
 .4826808 .9339841 
 .8477819 .2750395 
 .5860223 .2471724 
 .3765341 .0870597 
 .4480569 .1594370 
 .8547618 .6328458 
 .2426091 .0906328 
 .5541804 .5759180 
 .3443225 .4722071 
 .4951475 .7093502 
 .0599356 .4837275 
 .0280083 .7176485 
 .1786398 .1286929 
 .2170410 .4673534 
 .0190990 .1085134 
 .7416043 .8144924 
 70 
 .1892969 .5349169 
 .3195110 .4313691 
 .0686049 .0826424 
 .5718490 .3392130 
 .6044909 .3393843 
 .5403597 .8939551 
 .6117592 .9093456 
 .6794577 .0543849 
 .2802951 .7587176 
 .2039526 .9471976 
 .6356348 .2817158 
 .4969147 .0515018 
 .5404427 .9777427 
 .3738118 .7132509 
 .4468234 .2646018 
 .0504573 .0623210 
 .1694664 .0477330 
 .5523337 .5736133 
 .7955876 .8969642 
 .0979201 .2581411 
 .5146349 .1635478 
 .9426429 .4976054 
 .3614373 .6520675 
 .7244078 .4909940 
 .0310411 .5324341 
 .1352555 .7462938 
 .1395577 .4624193 
 .5729210 .5440112 
 .3580952 .2542922 
 .3048779 .2788881 
 .2089247 .1608976 
 .7972142 .4465055 
 .1445877 .7152346 
 .6003243 .1144178 
 .6793490 .2090361 
 .1093238 .2725939 
 .3433920 .9533019 
 .3831933 .7022783 
 .3060952 .4779716 
 .9543577 .0804632 
 .5757798 .2872292 
 .3185986 .0310171 
 .3271314 .6170880 
 .8802963 .7626657 
 .4192346 .2061861 
 .0439075 .7555091 
 .5194677 .1899215 
 .5807097 .5661125 
 .1015481 .1004492 
 .2390927 .0484567 
 .2874505 .2764233 
 .8734533 .9037108 
 .0878957 .8699919 
 .3949663 .1829261 
 .7872851 .6352099 
 .0385581 .8178764 
 .4264918 .7800111 
 .4232119 .0284162 
 .6584655 .7889572 
 .4736925 .0694311 
 .4723304 .1394404 
 .4747970 .6937359 
 .8741951 .5406313 
 .5357219 .3136779 
 .7374253 .4605318 
 .9309945 .4757481 
 .5392916 .4477760 
 .7220566 .1887260 
 .1198687 .7146161 
 .5039068 .0738182 
 70 
 .1554715 .6766116 
 .0056282 .3794215 
 .6429340 .1311878 
 .7310353 .7055884 
 .9403196 .4272271 
 .1724947 .8335182 
 .0893543 .6944877 
 .8711001 .3104782 
 .2276520 .7656829 
 .4212283 .2950070 
 .5448152 .0737906 
 .3059659 .4530941 
 .7933902 .2183705 
 .2683998 .1828002 
 .8686060 .1806335 
 .0261905 .8395128 
 .1424672 .8785058 
 .9646248 .5812523 
 .4882791 .8782557 
 .6253663 .5351823 
 .3586961 .0441670 
 .1607968 .7222764 
 .6690765 .5755469 
 .4510811 .0239671 
 .0609347 .5518161 
 .4742884 .8270989 
 .5377837 .5198386 
 .1579835 .1736466 
 .3252879 .9887768 
 .8900552 .5389761 
 .6445832 .5598969 
 .8810900 .9739539 
 .1244954 .8626704 
 .5917366 .4164759 
 .7253805 .9825136 
 .5951320 .5890256 
 .9020584 .5753454 
 .8530025 .0702121 
 .5809866 .7331187 
 .9483938 .8169145 
 .3400648 .6933651 
 .0295503 .5141969 
 .6184439 .9128702 
 .9571498 .4745976 
 .1960803 .5266502 
 .4773139 .1662600 
 .6036903 .9017097 
 .4194661 .5276925 
 .2758759 .4214048 
 .3826037 .6702651 
 .5536615 .7889017 
 .7547873 .9598784 
 .1751729 .4429839 
 .0250504 .3261328 
 .4498394 .9996053 
 .1983850 .4277975 
 .3649880 .2688941 
 .9043822 .4019625 
 .5841583 .0880621 
 .8774024 .6729947 
 .5115719 .1316485 
 .4472245 .9658273 
 .8520898 .6250094 
 .2678840 .4632337 
 .6133366 .5457285 
 .6702621 .1130956 
 .1866306 .9389650 
 .8798367 .5113108 
 .6035776 .3224369 
 .2112646 .5784150 
 70 
 .5808259 .1780560 
 .7400234 .3702671 
 .5091987 .0209586 
 .5496297 .7097761 
 .7753658 .7411001 
 .3398495 .7296813 
 .0720570 .5034741 
 .0232558 .6453542 
 .6917000 .5836746 
 .1883545 .8385081 
 .9309501 .6567042 
 .4087123 .2721083 
 .0700204 .2369427 
 .9579821 .9557061 
 .0286742 .6117963 
 .3668307 .1583981 
 .5253690 .5840369 
 .4334536 .7806826 
 .8499881 .9389907 
 .9659974 .1411610 
 .3640340 .5208302 
 .0717298 .7413623 
 .4127245 .3130405 
 .7805853 .6114730 
 .0063036 .5849577 
 .9537001 .8184686 
 .6256954 .0398861 
 .7221147 .7805966 
 .7405527 .4689818 
 .2558950 .2603883 
 .6934465 .6046206 
 .7958960 .3219029 
 .7875446 .0406263 
 .0931739 .0937710 
 .6893194 .0453100 
 .3860559 .7723338 
 .2827366 .0750351 
 .6809972 .7607945 
 .2346884 .4767649 
 .4570115 .9403538 
 .7882814 .3610428 
 .2385465 .5148121 
 .4136440 .4828930 
 .2196080 .3056188 
 .3253282 .1754760 
 .9016144 .3818757 
 .6188024 .3657898 
 .3452952 .0088751 
 .6711276 .3265347 
 .1368412 .5464108 
 .9653257 .3842591 
 .7218733 .5188789 
 .7943548 .0493355 
 .7465311 .9451017 
 .2266429 .1339848 
 .0294929 .4264102 
 .8059698 .9937282 
 .5259384 .6538262 
 .9367718 .1161068 
 .0757539 .0537353 
 .6818408 .3765296 
 .9825687 .3282582 
 .3705426 .3104844 
 .8639011 .6811540 
 .2672623 .0773499 
 .2496987 .5095414 
 .5544346 .2144647 
 .7782724 .1805483 
 .7024052 .0392165 
 .4239711 .0322158 
 70 
 .2771429 .3275002 
 .0563105 .7091305 
 .4116451 .7922337 
 .0295811 .0723608 
 .2603957 .4564954 
 .8766068 .8548710 
 .1786178 .2505463 
 .1592236 .5497005 
 .2169525 .4862905 
 .9276001 .2383660 
 .5827588 .1399071 
 .0646301 .6481974 
 .4641174 .4042233 
 .2317124 .0641865 
 .2019915 .4951789 
 .5671771 .1454414 
 .0775091 .3872404 
 .2848562 .4780336 
 .4901315 .6241337 
 .6317066 .0419246 
 .2612345 .6545614 
 .2314074 .8243025 
 .1164837 .7659432 
 .7943545 .6570700 
 .6770204 .5584288 
 .8298925 .0119428 
 .8090138 .3797842 
 .8578384 .9096673 
 .9162625 .0300116 
 .3747956 .1847803 
 .3713821 .5810156 
 .3653141 .9261469 
 .1153582 .0170562 
 .5250454 .7557503 
 .5480346 .6994144 
 .8365646 .4209073 
 .9060962 .9444147 
 .1499025 .6027706 
 .7904509 .2659895 
 .5979437 .4686899 
 .4592805 .4981093 
 .8381188 .8372657 
 .7315562 .9419216 
 .2601493 .3397783 
 .3211750 .1781227 
 .6263994 .0446337 
 .3042116 .9852132 
 .4955623 .9945796 
 .0587584 .0846367 
 .7883557 .2592291 
 .9435996 .8076570 
 .7395390 .6349257 
 .4211889 .2969715 
 .1852896 .1747172 
 .1922334 .0067704 
 .7877030 .3852166 
 .7912802 .9740107 
 .7153094 .2039334 
 .2802185 .9643677 
 .9839400 .7273051 
 .1422005 .9494264 
 .8074333 .9906673 
 .8823084 .6854778 
 .7914523 .7388061 
 .5310097 .1145513 
 .6924898 .8390676 
 .2571950 .0083444 
 .0118889 .4852958 
 .3520578 .2762769 
 .3427854 .2646481 
 70 
 .3533870 .6482761 
 .7652214 .0926435 
 .1396730 .4468851 
 .5076610 .4841560 
 .2199323 .7451485 
 .5656930 .0765040 
 .6509740 .6672552 
 .1822203 .1498438 
 .1891470 .6663872 
 .4268243 .4317781 
 .2760487 .4844170 
 .1316633 .9969680 
 .8024206 .7742947 
 .9011148 .7856294 
 .5141465 .0989535 
 .7538208 .3116199 
 .3290738 .6986156 
 .3077371 .5934280 
 .3209366 .9672871 
 .5976366 .2392734 
 .9821492 .3622634 
 .1241750 .9077724 
 .5732941 .2884151 
 .2655040 .9427170 
 .5639245 .5901663 
 .6154141 .6765222 
 .7144796 .3241899 
 .2125181 .4813187 
 .2778414 .5882184 
 .2469502 .8265553 
 .8339834 .8967745 
 .1158603 .0218527 
 .8224519 .9113555 
 .2755355 .5657449 
 .0027151 .6764289 
 .0226913 .6043989 
 .6368869 .7468047 
 .1342400 .3864328 
 .6256222 .0173211 
 .3950806 .1751072 
 .2962634 .4205892 
 .8260621 .1794561 
 .8902288 .1185828 
 .4556602 .9609001 
 .5593457 .9924011 
 .5129773 .6685670 
 .0809935 .1823620 
 .8978458 .4994669 
 .4496898 .6359840 
 .8349712 .0508647 
 .5957875 .0101589 
 .0596231 .7511877 
 .0054001 .2092030 
 .2162587 .2796420 
 .9422059 .1232583 
 .0700552 .7079009 
 .9615385 .0000054 
 .5135490 .8518283 
 .8078256 .0126065 
 .2628231 .7767156 
 .6331285 .0915109 
 .8338685 .2629931 
 .4899346 .5180104 
 .3112664 .9553461 
 .6456066 .1214995 
 .1971155 .4686555 
 .5366597 .6060673 
 .0745480 .4287306 
 .9134763 .4185975 
 .9411718 .7414252 
 70 
 .3928287 .9607672 
 .0547243 .7049753 
 .3968290 .5794910 
 .3650551 .2392840 
 .1603072 .8202373 
 .6496559 .7719479 
 .6692998 .5085315 
 .0782523 .4010952 
 .2739592 .3876341 
 .0468525 .9941237 
 .2099359 .7731249 
 .8720293 .9612120 
 .9607829 .9137146 
 .6385011 .5825722 
 .5853566 .8353305 
 .6511687 .9258353 
 .7911836 .1931547 
 .2480822 .4592484 
 .3174956 .3021251 
 .0622459 .2795553 
 .4477494 .7362088 
 .2441358 .2000397 
 .2361184 .7938193 
 .9272052 .4912888 
 .0283008 .2718414 
 .7768951 .4792960 
 .4942161 .3621459 
 .4386600 .0646077 
 .7663959 .5079867 
 .9086617 .0518551 
 .1782817 .5965682 
 .2959916 .4282370 
 .9938725 .2191299 
 .3189529 .7968538 
 .5743828 .6393912 
 .5589816 .3882769 
 .4864211 .7509290 
 .5506071 .7109002 
 .6548498 .2872865 
 .9683671 .1644900 
 .0245854 .9261324 
 .4231905 .9764589 
 .2293047 .1888756 
 .8303644 .7087734 
 .0689934 .1055741 
 .2752044 .3445877 
 .4576630 .8550456 
 .2848636 .5547162 
 .8900297 .8025647 
 .1067470 .0594404 
 .0516462 .7807038 
 .8746522 .8729261 
 .3085656 .7685221 
 .4794434 .4152357 
 .4952500 .4337081 
 .8056830 .7075877 
 .3957681 .8622222 
 .1906093 .7746703 
 .9935181 .1987425 
 .1360559 .5454995 
 .0464181 .2845765 
 .2737742 .4910382 
 .6128781 .5709362 
 .3540431 .4196138 
 .2815714 .9053795 
 .7878436 .6645971 
 .2052041 .9760594 
 .4031377 .6748885 
 .4528049 .4279957 
 .1423363 .0270060 
 70 
 .2116737 .5511553 
 .1847690 .3250398 
 .2116946 .0324893 
 .3662906 .4859378 
 .3213961 .0515052 
 .9169771 .6045645 
 .1745790 .9072323 
 .7635875 .9752533 
 .2136920 .7568479 
 .4500019 .8711850 
 .6540694 .7235543 
 .8075970 .2444030 
 .2418151 .8318130 
 .7373927 .4396487 
 .6451706 .6275326 
 .9132083 .0840052 
 .9198076 .0525524 
 .1339037 .2285951 
 .4452876 .7175489 
 .8844617 .2228304 
 .4530916 .1435906 
 .0390970 .2779875 
 .8537942 .2457731 
 .3711572 .7447011 
 .3073029 .1759423 
 .6282293 .2453839 
 .8382504 .9262639 
 .5779686 .3621016 
 .9387803 .5595797 
 .0096564 .9151050 
 .8707590 .7519080 
 .7547507 .2465681 
 .3140291 .1203599 
 .1206442 .5551398 
 .8293588 .6169508 
 .6568825 .3542163 
 .7243855 .5835583 
 .0211338 .6324066 
 .4257582 .8114031 
 .1996440 .2980405 
 .6560132 .4931805 
 .9676606 .9477719 
 .5621199 .0981390 
 .9407836 .8069011 
 .1042701 .1782606 
 .7472877 .6780106 
 .8360112 .6030313 
 .8105870 .6744006 
 .7253893 .8343818 
 .2240676 .1126696 
 .6040446 .1430030 
 .6689142 .8391251 
 .5973259 .1206890 
 .8982024 .0495812 
 .5811351 .8864038 
 .8038311 .8510140 
 .1155251 .8796927 
 .5007310 .8635527 
 .8937110 .3846520 
 .3966133 .4668993 
 .6782767 .6691946 
 .2442254 .1885385 
 .8216187 .0336132 
 .2630607 .4815367 
 .3202220 .7526983 
 .3226368 .9543856 
 .1548686 .9177197 
 .8412145 .1387347 
 .3314931 .0266988 
 .6010864 .1950205 
 70 
 .1577762 .7593631 
 .4307256 .5804669 
 .1538619 .0702737 
 .1590541 .5957308 
 .5744589 .3406273 
 .0992813 .7801328 
 .4741908 .0844345 
 .4480726 .1729722 
 .9260533 .2839578 
 .4566487 .2694186 
 .4393764 .9457238 
 .2976920 .7809169 
 .5414271 .4728949 
 .6570560 .7064844 
 .2958891 .9305777 
 .8511360 .3147363 
 .3295628 .6635302 
 .5257837 .9464902 
 .5109135 .8740027 
 .7347258 .5313962 
 .2431995 .9818776 
 .6159957 .7637523 
 .5610043 .6081485 
 .3628070 .3345211 
 .6997228 .0218793 
 .2869989 .7381035 
 .0780759 .4833888 
 .2525670 .1706666 
 .9167016 .1533001 
 .5552715 .0563113 
 .9214523 .6065536 
 .5707902 .8601205 
 .1858741 .4182950 
 .5047610 .0926896 
 .9986076 .1379888 
 .8572529 .7361332 
 .5507935 .0399644 
 .4531060 .6213222 
 .2861370 .5711467 
 .9671159 .3922607 
 .1697508 .0857441 
 .8555940 .3755942 
 .5064015 .3754481 
 .7473300 .6382839 
 .8369946 .2230079 
 .0888227 .4090133 
 .2941972 .7151814 
 .8097245 .4409488 
 .7016796 .7737924 
 .7911888 .3245793 
 .4417055 .1642405 
 .9861068 .6765548 
 .1653758 .4200836 
 .3474846 .9282456 
 .9388891 .4185320 
 .6483560 .4481984 
 .2553823 .9306381 
 .3900387 .2252954 
 .0304001 .9649132 
 .0491502 .5212603 
 .4624915 .1748404 
 .8489945 .9167361 
 .3889787 .4975564 
 .1866230 .1065077 
 .0982573 .4586319 
 .1194741 .6660996 
 .7592231 .5796617 
 .4189022 .7709618 
 .6682288 .8620764 
 .3235340 .3953139 
