 15 
 90 
 .7509212 .0100743 
 .4434975 .1684192 
 .2730514 .0613216 
 .4513183 .3711351 
 .9373088 .5434687 
 .7863346 .8322198 
 .0251112 .2331090 
 .8790434 .2065696 
 .1512969 .3263337 
 .1033765 .9997978 
 .6129166 .9857933 
 .5362607 .4353100 
 .5798221 .0234581 
 .5159333 .6466636 
 .8633920 .6585361 
 .7808009 .3056347 
 .4096582 .8804177 
 .6304324 .0912990 
 .5893863 .1382404 
 .5018328 .5223243 
 .8979569 .2974962 
 .4138505 .1331272 
 .6173681 .9133085 
 .9043392 .2315795 
 .8039680 .1703779 
 .5599320 .9260970 
 .8088094 .0694044 
 .3958908 .0852440 
 .2604300 .7748363 
 .7498826 .6629559 
 .5775735 .0923340 
 .7626095 .5941688 
 .8545291 .8671702 
 .8713785 .3835649 
 .2845356 .1751865 
 .1688656 .6563398 
 .7547293 .4416717 
 .2948922 .3338921 
 .1445667 .4339111 
 .2379105 .6961697 
 .1611847 .2309416 
 .7164891 .2906014 
 .9099184 .0175363 
 .5683062 .2771363 
 .1738499 .5543994 
 .8614071 .1294345 
 .5979547 .5562675 
 .5136620 .3507312 
 .3638097 .5148649 
 .5028858 .6538662 
 .9100786 .7227330 
 .9008536 .4804646 
 .8997592 .8126208 
 .7858712 .3137931 
 .7426139 .8886775 
 .5845483 .4304519 
 .0229673 .5908981 
 .7553739 .9322980 
 .3193019 .9414337 
 .3335219 .4338904 
 .9804652 .7462531 
 .2744197 .9218138 
 .9789840 .2815355 
 .5169058 .2575135 
 .2176080 .0318425 
 .1766833 .7092904 
 .5309467 .8548650 
 .4061609 .8538952 
 .6975629 .0511274 
 .5340554 .2032505 
 .3443082 .7797591 
 .6312296 .9442529 
 .6566832 .8840742 
 .3295481 .1239022 
 .9667370 .7115316 
 .4269753 .3001841 
 .9211353 .6074479 
 .6110997 .8807558 
 .0716962 .5438973 
 .7786737 .7935490 
 .1015507 .3653251 
 .3619982 .4204746 
 .9123136 .3788180 
 .4229757 .4594950 
 .5488817 .9154878 
 .8587948 .0809696 
 .2138848 .9033188 
 .8834214 .8683990 
 .8960459 .7218867 
 .1977403 .9760324 
 90 
 .5659223 .3938571 
 .3172361 .0282855 
 .3263506 .6828960 
 .9559303 .7980764 
 .8785701 .5258554 
 .9227993 .8400591 
 .4010943 .4796140 
 .6135002 .1648433 
 .3471095 .9980421 
 .0048330 .8036715 
 .3451500 .2979908 
 .3983715 .7492095 
 .6221872 .6882754 
 .5170099 .2241247 
 .1307392 .3231022 
 .6252037 .4195099 
 .5123047 .6395555 
 .9993413 .5919926 
 .5160127 .9234138 
 .3853619 .4810760 
 .5490125 .6319627 
 .3003591 .1139251 
 .3864619 .8374131 
 .6048707 .8479706 
 .1241610 .4282908 
 .3217618 .5443798 
 .3135882 .9445216 
 .0224763 .5871765 
 .6624628 .9881744 
 .2458531 .5206075 
 .1866660 .3467240 
 .5500969 .7657835 
 .4215317 .0275418 
 .3037553 .5286996 
 .0898400 .5068880 
 .7631001 .8949963 
 .0154666 .2572556 
 .1150381 .4292853 
 .2882048 .0842772 
 .9279978 .5030677 
 .6369557 .4668346 
 .9770581 .1472504 
 .2529202 .8772920 
 .0103082 .4825425 
 .2067835 .3261824 
 .2049607 .6806266 
 .0968226 .9280018 
 .5154916 .8454795 
 .3085284 .3602770 
 .7209546 .0095864 
 .6083978 .3625684 
 .8010192 .3836007 
 .7701449 .0088113 
 .5641212 .7872561 
 .2633889 .9361852 
 .6577945 .4685948 
 .1330318 .0148005 
 .8396815 .8698421 
 .1597163 .5206940 
 .4943007 .8410888 
 .0030924 .5932078 
 .8492970 .7943474 
 .7627973 .9175681 
 .3670039 .7250765 
 .4071999 .9126696 
 .7416380 .2379351 
 .6647535 .3984847 
 .3856996 .9678804 
 .7823882 .3804306 
 .9951093 .2937789 
 .2524062 .2702383 
 .6826443 .1439987 
 .1039929 .0526349 
 .3922785 .0740198 
 .2453612 .5302800 
 .1694723 .6744746 
 .9128737 .1991457 
 .8682099 .7012303 
 .5068950 .3236985 
 .7160516 .0017050 
 .6307580 .6341017 
 .7125615 .1755693 
 .3467571 .4319881 
 .1705914 .7228859 
 .5566487 .8804454 
 .0779609 .9055920 
 .7264115 .4184831 
 .8004696 .3235748 
 .3161474 .5686934 
 .5948297 .8664577 
 90 
 .3436463 .3248672 
 .2684018 .7661306 
 .2894494 .6772479 
 .1154847 .4000653 
 .5148856 .9576980 
 .1687353 .6760725 
 .6726738 .3035807 
 .2079980 .5974206 
 .0899459 .8234188 
 .4338025 .2326828 
 .3310982 .6126513 
 .9929576 .0043267 
 .3253837 .6648603 
 .5804263 .1084551 
 .4817734 .4409543 
 .2639219 .0672670 
 .7089879 .3217666 
 .8018290 .9152773 
 .4969000 .7416183 
 .5550226 .2871311 
 .1693787 .2824110 
 .3203463 .6035131 
 .7482548 .6380153 
 .9168229 .4742182 
 .9210758 .8128976 
 .2015111 .1234325 
 .4168619 .3103654 
 .6341962 .7987299 
 .3868123 .9452773 
 .9902235 .3967196 
 .5710080 .2718573 
 .9676460 .5067488 
 .2052698 .8751382 
 .0648805 .2590690 
 .5696098 .7978327 
 .2221446 .2224788 
 .2738219 .4638578 
 .5154972 .5231624 
 .9768468 .3536171 
 .0452233 .6833046 
 .0922755 .5602431 
 .6370046 .6745991 
 .6778767 .8236085 
 .8287041 .5550097 
 .3650093 .7508072 
 .7890671 .9516343 
 .7643624 .1762675 
 .4361193 .6502724 
 .8853110 .9174698 
 .4089200 .6728619 
 .0124390 .9066841 
 .2005201 .4243419 
 .1671253 .6259948 
 .3738799 .6652571 
 .4046611 .1804272 
 .2350333 .0475765 
 .1058275 .8880139 
 .6953420 .5082794 
 .1513744 .0594134 
 .5711810 .6553080 
 .1410453 .2340114 
 .6862300 .0480131 
 .0458614 .5225644 
 .4876329 .5512777 
 .9609586 .3041820 
 .2790241 .2486078 
 .7415182 .2010529 
 .6147206 .1916696 
 .7289106 .3086004 
 .0816467 .9365602 
 .6682268 .8299670 
 .9976943 .7025492 
 .1295729 .7276749 
 .0436426 .3566599 
 .8089903 .3752568 
 .2743649 .4842966 
 .2233112 .5183879 
 .2652457 .6967052 
 .4368077 .6268557 
 .4704244 .1324037 
 .1638054 .8613576 
 .5170826 .8513730 
 .1656705 .7559018 
 .6383984 .4547868 
 .2753845 .1282859 
 .4484173 .6839104 
 .2984680 .9160150 
 .6638393 .7915482 
 .8029421 .2688901 
 .2469984 .9075974 
 90 
 .4584963 .4256174 
 .0350236 .1438992 
 .8387048 .2109451 
 .6737281 .4472077 
 .8701720 .4003160 
 .2200749 .7947408 
 .4965331 .1365958 
 .9305246 .7539811 
 .4084567 .9113960 
 .5180905 .1541776 
 .3458387 .6426310 
 .7299106 .0358972 
 .6654056 .8285079 
 .8485034 .4890237 
 .4336097 .8119392 
 .2200128 .7283249 
 .7861597 .4616583 
 .9155703 .9961379 
 .9144421 .1178994 
 .0788156 .7684024 
 .7056074 .9496508 
 .5325320 .3552092 
 .3748795 .8529920 
 .1266685 .3497825 
 .6708463 .0491485 
 .6126472 .4473950 
 .3797728 .4174448 
 .2162020 .8226604 
 .5634848 .5605673 
 .4319584 .3519917 
 .5847751 .3232594 
 .9439633 .2672830 
 .5397266 .0840348 
 .2413055 .0341048 
 .9504941 .1634987 
 .8882405 .0074185 
 .8850893 .1306855 
 .1527570 .3120619 
 .1602316 .0662424 
 .6126979 .9435472 
 .7345137 .8215899 
 .4482855 .7440947 
 .2846443 .2971511 
 .5856044 .0738154 
 .4375271 .4886507 
 .0561730 .9995987 
 .0530674 .6941127 
 .4495898 .9340759 
 .8520297 .4488266 
 .9132829 .0810590 
 .7826480 .5119709 
 .7370234 .9266197 
 .7291795 .0550789 
 .2789972 .4385120 
 .0828434 .0248728 
 .1612622 .6204836 
 .6057587 .8344636 
 .7892684 .5691944 
 .8942422 .8782999 
 .0241758 .0945023 
 .2493075 .1058281 
 .1368977 .1208130 
 .2370761 .7023780 
 .0655076 .2575523 
 .7052224 .9265961 
 .7368005 .8176482 
 .2361942 .8925965 
 .2397925 .8187166 
 .3739167 .5501624 
 .5826836 .7044864 
 .5556786 .7335941 
 .4417022 .1933822 
 .3000527 .7824463 
 .7242082 .2541581 
 .3176857 .1862022 
 .1108506 .1195616 
 .9847566 .7081834 
 .3913747 .8102394 
 .8965059 .6774677 
 .9322454 .1220115 
 .5356368 .2145702 
 .7655170 .6372549 
 .6702373 .1279076 
 .5087279 .2000039 
 .8483302 .5719040 
 .7439533 .5265031 
 .8788782 .2197810 
 .9169003 .2278839 
 .7672094 .0378925 
 .7679952 .4564053 
 90 
 .1790490 .5546916 
 .4681969 .5458329 
 .8017877 .0343404 
 .8816728 .2320601 
 .3019576 .8683699 
 .7819086 .0815346 
 .9792673 .9019486 
 .6611929 .3294688 
 .4126328 .8650105 
 .4371308 .0817230 
 .7925804 .5709964 
 .5027972 .3456747 
 .3348537 .5030767 
 .0057567 .1458738 
 .9571809 .6927051 
 .9793516 .5068448 
 .7476096 .7090095 
 .1787979 .7425808 
 .8187491 .8581148 
 .5736478 .6120999 
 .7753326 .5148154 
 .9834671 .7524402 
 .7578787 .4883363 
 .0690568 .5916830 
 .0855489 .5100343 
 .7486182 .8195488 
 .8167227 .8120720 
 .2258317 .5338359 
 .6740043 .2681226 
 .5112896 .4069997 
 .0264784 .0533303 
 .0940103 .5855344 
 .9587228 .0518159 
 .9672590 .4400439 
 .5435011 .5342899 
 .4115266 .5580165 
 .6208638 .6215698 
 .8536688 .2838660 
 .7057402 .8553007 
 .0087965 .3688158 
 .8216526 .3657042 
 .8119420 .5412026 
 .5000979 .6460406 
 .9886972 .6277964 
 .9910604 .2404126 
 .3143609 .7683155 
 .6852181 .5888776 
 .6735182 .7254647 
 .3253203 .1523255 
 .1478396 .6961102 
 .9431182 .4975183 
 .9081182 .7076163 
 .4467707 .4358503 
 .2335771 .9064742 
 .9369829 .1910548 
 .2811755 .0211575 
 .3709216 .9720393 
 .2214332 .1521887 
 .0313461 .7355542 
 .1740796 .8917193 
 .9920505 .2652726 
 .3330265 .6220497 
 .6847924 .3323654 
 .2696653 .6444684 
 .7400348 .4385681 
 .3377098 .4411164 
 .1542164 .7143485 
 .2506477 .7052947 
 .8775394 .6278676 
 .3307346 .5592833 
 .1535841 .3682646 
 .8902736 .3203418 
 .0980805 .6501765 
 .1430715 .9196574 
 .4890469 .2335954 
 .5853585 .2076235 
 .6518947 .0899652 
 .7475124 .4114993 
 .4461653 .7350906 
 .6045382 .4052546 
 .1679483 .0927742 
 .9358326 .6007729 
 .8339050 .0883757 
 .9222171 .5066012 
 .6568283 .1744932 
 .8269508 .5946235 
 .0939751 .7749818 
 .4813539 .2734427 
 .8706626 .2493180 
 .4261797 .6343919 
 90 
 .7629839 .9151914 
 .0758793 .2940120 
 .2626223 .8489188 
 .4908151 .1250483 
 .8287938 .9741238 
 .7661989 .9035677 
 .2299667 .1498864 
 .3674701 .7972139 
 .1513641 .8185186 
 .8388895 .0109303 
 .1409981 .9460514 
 .2517153 .5612181 
 .1222748 .5987012 
 .7943534 .7751964 
 .8376962 .0968051 
 .4807426 .3509208 
 .1160341 .2622526 
 .6938506 .2526245 
 .8722142 .2520824 
 .0049268 .8683107 
 .0401735 .7129298 
 .4199885 .1844718 
 .6768188 .7991944 
 .0943160 .6281716 
 .4200465 .7104206 
 .0023998 .0223367 
 .1832671 .9962357 
 .6212359 .0653893 
 .9581483 .5635436 
 .1329993 .0883473 
 .0990161 .1513165 
 .9203516 .7057552 
 .3866830 .5015371 
 .3428669 .4433157 
 .1140711 .4764050 
 .2626865 .5143999 
 .6860096 .3151122 
 .0354560 .5867601 
 .7536799 .8890962 
 .3902521 .5242766 
 .3705051 .4409764 
 .6684888 .5384757 
 .4084916 .5551517 
 .3431016 .7103898 
 .5472899 .1205631 
 .8495506 .1521203 
 .2652006 .3591909 
 .9707744 .8137511 
 .8321639 .5957387 
 .9580558 .6870580 
 .4271063 .7604402 
 .0552554 .4323216 
 .9610126 .5112840 
 .1289118 .7154884 
 .4554212 .6349836 
 .8827300 .1844822 
 .0638449 .7759828 
 .0308642 .3676687 
 .8785710 .7254834 
 .3865708 .1138580 
 .0725317 .0911801 
 .8451640 .7188174 
 .9081323 .2138758 
 .6441485 .7425969 
 .6122225 .1877017 
 .1978509 .7970694 
 .6664629 .7020754 
 .5452173 .2934924 
 .9803196 .5190622 
 .5216064 .2426349 
 .6724835 .5302532 
 .8597784 .5896148 
 .4457998 .7409158 
 .4207846 .0740937 
 .1484782 .8817853 
 .7184843 .0033999 
 .1055771 .7637386 
 .0858850 .3185390 
 .9021852 .5185008 
 .6788014 .5654253 
 .9135070 .4977590 
 .6513886 .4380666 
 .1048574 .2593867 
 .0853046 .9563841 
 .2515399 .6161884 
 .6135345 .5358842 
 .2273768 .4604418 
 .3426345 .5940480 
 .5414356 .7448314 
 .0222700 .2511004 
 90 
 .7129149 .7728997 
 .0048035 .3902947 
 .8993589 .4431889 
 .1342643 .0520310 
 .6560359 .3515753 
 .2446944 .9915510 
 .7145821 .1741962 
 .5615311 .3136427 
 .8245467 .4546180 
 .3027484 .4292910 
 .2874259 .1667736 
 .6728632 .1155363 
 .8018036 .0204875 
 .9240009 .0955030 
 .2904763 .6573923 
 .1029367 .1226512 
 .8435917 .3274984 
 .5777734 .8213257 
 .8210231 .4538953 
 .6965990 .2116563 
 .2351003 .2358123 
 .4144920 .5753328 
 .1915694 .0968409 
 .0635137 .6817705 
 .4999215 .7812858 
 .4492545 .9112247 
 .3591691 .1006686 
 .1409863 .9395410 
 .7544084 .0351152 
 .3719277 .7829729 
 .0232568 .8390190 
 .7604570 .4728860 
 .8171337 .1627499 
 .6687105 .7087371 
 .9255371 .5955687 
 .1857990 .7304914 
 .3745951 .5100764 
 .4002564 .5031608 
 .7644112 .1337758 
 .9392172 .1984299 
 .5707236 .3144084 
 .0166037 .9109317 
 .3903209 .8459588 
 .9532022 .5166571 
 .8291517 .2823475 
 .9993191 .4627731 
 .5772996 .1241664 
 .1846447 .9038133 
 .5336101 .7961112 
 .9064164 .7383139 
 .6699228 .0523241 
 .2998776 .4595481 
 .3832242 .9044570 
 .5557668 .9585690 
 .7837609 .8511782 
 .8870655 .0893613 
 .8058890 .5238608 
 .6178775 .4440377 
 .9913387 .7145845 
 .8750184 .8477363 
 .7543088 .4201401 
 .7990654 .9627155 
 .0545175 .7577250 
 .4351642 .4211248 
 .5256905 .5602447 
 .0812152 .3555893 
 .7681157 .7548634 
 .6160684 .2731206 
 .9374902 .3184666 
 .1444637 .0654724 
 .8584973 .1762836 
 .3075478 .6499434 
 .2580154 .7908536 
 .1343088 .3083156 
 .6347566 .7410860 
 .8540799 .1951328 
 .7320939 .1161431 
 .3447995 .6144088 
 .2190401 .2845476 
 .7348665 .3481366 
 .3584243 .2210608 
 .1746173 .3301744 
 .1864475 .1957829 
 .2005662 .0022565 
 .7666313 .8023640 
 .8730181 .4095294 
 .8238641 .0134745 
 .6043664 .0731959 
 .6084553 .6275382 
 .1277573 .4370792 
 90 
 .9709813 .9744736 
 .3877228 .6802370 
 .8189093 .3805863 
 .4572791 .3136829 
 .5356666 .3921000 
 .2787483 .5678543 
 .4196461 .2988840 
 .6546069 .3982154 
 .2797550 .6980057 
 .2338931 .1963539 
 .2281823 .7416028 
 .1905260 .1376291 
 .3502351 .8134946 
 .0012089 .6059078 
 .9030334 .5997357 
 .5188100 .3307020 
 .2847131 .2232231 
 .9061530 .7091350 
 .1962192 .1022901 
 .6363935 .1591390 
 .8489425 .7062382 
 .5585375 .0931634 
 .1010066 .0927456 
 .0365554 .9829740 
 .0681136 .1363400 
 .6518898 .7128831 
 .7741616 .2444042 
 .3533279 .6355034 
 .1925031 .0957871 
 .8741456 .0328899 
 .6783897 .9527917 
 .5305072 .5662605 
 .0919917 .2533952 
 .1712502 .2263930 
 .3320488 .7878012 
 .2587953 .6688242 
 .7028619 .5401090 
 .2029026 .9651448 
 .3696270 .4078004 
 .7097595 .9935335 
 .6541952 .1121608 
 .8023322 .1352329 
 .3078824 .7324556 
 .2554527 .7834645 
 .0800952 .9239593 
 .5996525 .4893533 
 .4789471 .9405557 
 .8976927 .3853027 
 .8778673 .4398815 
 .6909964 .7969656 
 .0331083 .5036534 
 .5411571 .5750314 
 .3011946 .5961768 
 .3332885 .4795151 
 .7303801 .9858688 
 .0296041 .7016303 
 .7812520 .5812184 
 .1171718 .0186829 
 .4313891 .7347336 
 .0246874 .7902673 
 .2476120 .3343706 
 .9182581 .6014117 
 .7645041 .8574855 
 .3419895 .3597421 
 .9746962 .8707738 
 .1495297 .5162311 
 .3875422 .0217533 
 .2690538 .1972242 
 .1084382 .6213751 
 .4353756 .7411923 
 .5787947 .6391036 
 .6753504 .6966092 
 .5317247 .9345702 
 .8004027 .9644996 
 .5835195 .8844524 
 .3842711 .6050965 
 .6060925 .7178474 
 .8138161 .9547099 
 .2084529 .7738771 
 .3124005 .1358755 
 .5810620 .9048598 
 .8528227 .7481499 
 .5983028 .1678912 
 .2914689 .3930866 
 .0913957 .0153824 
 .7461654 .5469860 
 .9445868 .0867821 
 .2735492 .9185053 
 .1664762 .5326391 
 .5315524 .5221584 
 90 
 .0685904 .1191372 
 .7802149 .9076790 
 .5549038 .1545208 
 .9084030 .8911762 
 .3866218 .9742185 
 .9915339 .2565273 
 .9213211 .1822431 
 .1899868 .6915489 
 .7071496 .3733763 
 .7809267 .0876976 
 .6013767 .3920239 
 .1566900 .5964129 
 .6258141 .4952233 
 .2870788 .7692493 
 .1046494 .6923954 
 .1847981 .9196900 
 .9757100 .0838219 
 .2742457 .6765211 
 .4342555 .7017916 
 .3728404 .6339006 
 .8567431 .0986699 
 .5674537 .0613178 
 .5457740 .0880878 
 .1102003 .7745309 
 .2092732 .4297983 
 .2592491 .3808316 
 .8970257 .0937978 
 .6303474 .0306373 
 .7136568 .7208295 
 .1698082 .3019992 
 .0441513 .1276650 
 .5637078 .6221526 
 .9887136 .7373729 
 .2023756 .3352712 
 .6183395 .6354183 
 .3528426 .7401381 
 .6285461 .9876677 
 .7711559 .6650564 
 .7714612 .6694895 
 .6152626 .8770083 
 .5585446 .4469124 
 .3889373 .2323824 
 .3077733 .6595265 
 .1368612 .2995363 
 .5078225 .2562536 
 .7868850 .4885958 
 .2227608 .8425617 
 .1516067 .7182280 
 .0867261 .1619372 
 .5990964 .4772063 
 .2490946 .6437315 
 .9107889 .8824358 
 .0244744 .2296543 
 .6796682 .0142606 
 .2635837 .0054698 
 .2677726 .3813628 
 .5633885 .0136504 
 .5301785 .7259137 
 .0379138 .2451334 
 .1018658 .3568905 
 .8225767 .8796911 
 .1006487 .5651442 
 .8198627 .4780449 
 .8775684 .1349436 
 .1353473 .5755152 
 .3871991 .1678452 
 .6105961 .9749724 
 .4831212 .9578864 
 .9310291 .4119323 
 .7847762 .0217996 
 .7575493 .0300964 
 .7149324 .0512292 
 .6732833 .5622563 
 .0634783 .9103335 
 .6113075 .9975438 
 .3721161 .1836994 
 .6833981 .0072967 
 .1221687 .4557196 
 .4988055 .1116021 
 .8980310 .6805189 
 .3684646 .5476597 
 .3332179 .8256852 
 .1440709 .5377570 
 .8533663 .5255062 
 .4407366 .0746442 
 .3273739 .7796624 
 .9216432 .8087286 
 .2279764 .7384048 
 .1558843 .9355472 
 .4779168 .2196942 
 90 
 .9567073 .3817114 
 .6963228 .6396215 
 .4142586 .7487268 
 .1284073 .2741982 
 .0898851 .5100567 
 .3940383 .9153376 
 .7606888 .4182987 
 .7684994 .6810648 
 .1035362 .9546648 
 .6407836 .5717376 
 .8847409 .3678769 
 .8974392 .8498516 
 .3603241 .2673871 
 .2572245 .9178834 
 .1647731 .1572990 
 .2250311 .4711170 
 .1337113 .4607698 
 .7216121 .6425403 
 .1155290 .6658062 
 .1450081 .9042140 
 .4139533 .8355006 
 .3841060 .8510436 
 .2904159 .9196834 
 .0758977 .8131506 
 .8520652 .5689525 
 .3046373 .6040774 
 .2560217 .4118912 
 .2996342 .6334023 
 .7581450 .3752493 
 .0027611 .0510148 
 .6978316 .4057568 
 .3383217 .4408421 
 .6993399 .1293088 
 .5056105 .6762541 
 .5325088 .2343201 
 .6947085 .6572387 
 .2466509 .8043517 
 .5527132 .4777633 
 .0935134 .0014620 
 .9420927 .7650500 
 .7986760 .4043933 
 .6640939 .0728296 
 .0232374 .3604760 
 .6845315 .8175250 
 .1642994 .7802693 
 .0007388 .7767886 
 .4462412 .1902713 
 .8183845 .0184033 
 .7152378 .2997758 
 .5441553 .6262919 
 .3145819 .0089312 
 .8113784 .0087887 
 .4232663 .2995366 
 .0944182 .1194518 
 .5076321 .8588776 
 .3755355 .7370482 
 .9758467 .0782403 
 .9337451 .1209832 
 .3351923 .1674282 
 .9454640 .9008745 
 .4177915 .8979230 
 .7253069 .9312434 
 .5341062 .7310589 
 .7836675 .9389279 
 .3955011 .0420019 
 .3146292 .9438536 
 .6649965 .4912216 
 .3196830 .4127560 
 .0842189 .4357981 
 .5735999 .6173651 
 .0071427 .1640917 
 .4900167 .3579707 
 .2576546 .6673157 
 .2747545 .6622155 
 .6159300 .0561570 
 .3810010 .7969437 
 .7132329 .4530784 
 .2061655 .3950015 
 .1487035 .5420880 
 .3868529 .0935614 
 .3951298 .6758537 
 .3349201 .1378757 
 .3812706 .7008600 
 .3803708 .1938637 
 .0611675 .0781280 
 .7998240 .3416562 
 .0286967 .5006318 
 .0538616 .0346706 
 .2185414 .5272244 
 .8616306 .7870195 
 90 
 .5504505 .6924133 
 .6230487 .5155817 
 .3072628 .4749904 
 .6617440 .7689273 
 .0613565 .2170890 
 .4968638 .4180174 
 .7391045 .8170094 
 .7380064 .5952212 
 .2862224 .4498934 
 .3011868 .5182478 
 .4037435 .8133246 
 .7188344 .0310972 
 .6874138 .0009657 
 .8047490 .8796405 
 .6327024 .0646932 
 .4646244 .4969572 
 .4610537 .0601445 
 .8305755 .9226374 
 .3655947 .7454214 
 .1480045 .8779122 
 .0389336 .4186910 
 .1464959 .3592523 
 .3920889 .3758602 
 .3621669 .7289956 
 .0496251 .3201640 
 .6134108 .4421626 
 .0469097 .3746753 
 .3191689 .4609259 
 .3836925 .1871986 
 .5301558 .2167507 
 .6141013 .4630344 
 .5477511 .7670377 
 .0743066 .0404736 
 .1489630 .5777286 
 .9506862 .6998859 
 .2228711 .1027832 
 .1459729 .0706818 
 .7456745 .9202652 
 .4687568 .5095367 
 .3568155 .4549870 
 .4004878 .3438519 
 .4140200 .0388122 
 .6189432 .5197645 
 .5544012 .9388174 
 .3006475 .0148973 
 .9134262 .6651104 
 .3971100 .3607347 
 .8824383 .9362196 
 .6786364 .6938038 
 .4349813 .6501348 
 .1500362 .7820209 
 .6262832 .5403376 
 .9374309 .7533938 
 .0603362 .2830228 
 .0847441 .5270602 
 .3039617 .9962316 
 .7299602 .3871411 
 .9734775 .6033065 
 .3900442 .3614055 
 .2810061 .6289805 
 .7921707 .1200379 
 .1454660 .8010559 
 .7577729 .4831691 
 .6767984 .4260391 
 .6725480 .2450485 
 .2473898 .9128163 
 .3451045 .2510809 
 .9758743 .9915016 
 .5420564 .3022150 
 .9569361 .0095088 
 .8482263 .7476191 
 .8552948 .0157042 
 .0848632 .2370123 
 .6091452 .9357420 
 .3615692 .1516991 
 .2118517 .7043803 
 .6616178 .2690789 
 .3020623 .3982625 
 .0756969 .2274399 
 .2205255 .7873635 
 .5034670 .7719848 
 .1031624 .8145574 
 .6208589 .4425583 
 .4782758 .7776151 
 .6363900 .6092246 
 .9125791 .8208994 
 .9921203 .3119706 
 .8848946 .0771335 
 .5518441 .3911596 
 .8243221 .7024081 
 90 
 .4958894 .5192154 
 .8853150 .3270836 
 .3311198 .0121602 
 .4868272 .2459817 
 .0365659 .2003404 
 .0454185 .0752681 
 .9972076 .5967340 
 .9993386 .6302353 
 .3159450 .4819280 
 .6560457 .3848405 
 .3093874 .6279534 
 .2907771 .9548623 
 .1469119 .9469663 
 .1575658 .4339427 
 .0321569 .5510322 
 .7129068 .8751181 
 .0868742 .1593018 
 .6500232 .4567317 
 .9015197 .5394256 
 .7397677 .5454039 
 .9752804 .7094437 
 .6015282 .5520402 
 .0780648 .3803654 
 .2004987 .6892134 
 .7134829 .4515180 
 .0902221 .9366968 
 .8176692 .5812703 
 .3828307 .1009821 
 .7541075 .6832043 
 .5127984 .1463147 
 .4070674 .8180021 
 .6296864 .2486651 
 .2709996 .9775156 
 .6652202 .4871365 
 .1029340 .7404711 
 .7114797 .8841454 
 .8597223 .2073168 
 .4489297 .7183062 
 .8795329 .9206261 
 .2918645 .6818599 
 .8724879 .0105043 
 .1785022 .4947192 
 .2313942 .3723923 
 .2148361 .9143097 
 .1203117 .5258052 
 .5643522 .5263828 
 .0938838 .5926552 
 .1262490 .0364032 
 .6790815 .6861816 
 .9167574 .7110022 
 .1359389 .4669188 
 .1029678 .7888605 
 .9151443 .6888594 
 .9651203 .6722849 
 .2456478 .6527956 
 .4980251 .0441914 
 .5999161 .4680310 
 .9090459 .1872426 
 .9707591 .1990205 
 .1203168 .1070377 
 .1119291 .0783136 
 .9154673 .9115460 
 .9926117 .1772091 
 .1525220 .5439538 
 .2286341 .8540745 
 .2487102 .6127722 
 .4033822 .9981144 
 .8710888 .8559795 
 .8891847 .0417675 
 .5680415 .7971656 
 .6229547 .8536650 
 .2672870 .4206415 
 .5633357 .3094555 
 .6499045 .1663118 
 .2331220 .3706011 
 .0784808 .1182994 
 .4904918 .1197245 
 .8896987 .7659092 
 .8232344 .0810546 
 .5239352 .9210360 
 .0568533 .4092269 
 .4106192 .9896006 
 .1328198 .7099506 
 .1996219 .4605704 
 .9575072 .3501228 
 .4547267 .7766104 
 .3431015 .5486414 
 .1216501 .2049542 
 .5442225 .1757187 
 .9540743 .3927145 
 90 
 .3107517 .3287108 
 .8181019 .3620941 
 .8886111 .1346344 
 .7773762 .1098492 
 .8536184 .0294228 
 .6542089 .9914234 
 .5942253 .5948615 
 .1203563 .9004490 
 .8895768 .9468158 
 .2359626 .0433264 
 .2700653 .1511060 
 .8555734 .9383830 
 .2960558 .1219780 
 .7724083 .1592026 
 .8318811 .2958397 
 .3801754 .2491414 
 .7992015 .8705677 
 .6870270 .0533371 
 .4265551 .7965180 
 .5976896 .2777045 
 .0180433 .6751773 
 .5537666 .1610245 
 .7787597 .3784492 
 .1426158 .4433080 
 .9804346 .0966669 
 .5934419 .9756781 
 .1379920 .6448359 
 .8042413 .9261009 
 .9939481 .6301279 
 .5013748 .1109325 
 .7579910 .3725365 
 .3287556 .9814700 
 .6963087 .5756669 
 .2873076 .6120338 
 .9694504 .4041293 
 .3763985 .0035910 
 .4263574 .0137308 
 .0937739 .4040893 
 .4108480 .3138913 
 .3830309 .3605442 
 .7479422 .8692274 
 .6192711 .0030310 
 .8611146 .8573335 
 .4231738 .6991136 
 .0255395 .8182241 
 .8077328 .7284306 
 .3717767 .9209706 
 .8942188 .9681736 
 .3918179 .4355414 
 .8759569 .6455803 
 .0251099 .2710283 
 .9391676 .8353428 
 .2637579 .5010875 
 .5358008 .3275399 
 .6487473 .8568271 
 .9979148 .4723715 
 .7553523 .7773113 
 .4281108 .2661277 
 .1960942 .7566104 
 .7247463 .8605057 
 .9013145 .8396837 
 .3205112 .3741185 
 .2558044 .0606176 
 .7323789 .8178559 
 .5476307 .6866480 
 .5313315 .5091876 
 .2824840 .0682321 
 .2205259 .8765768 
 .0811960 .8750099 
 .3271100 .3134269 
 .6446881 .1330670 
 .5196267 .9384480 
 .8621836 .8212706 
 .7012653 .9005353 
 .4651902 .3218832 
 .9280382 .3132245 
 .2891988 .6789374 
 .9766851 .0360711 
 .4824027 .7602620 
 .9436385 .2949100 
 .8686793 .8463776 
 .0851383 .4444318 
 .7907387 .1199911 
 .0884526 .8568840 
 .4764074 .6793107 
 .1615704 .7395103 
 .3216082 .1601497 
 .9975635 .3475977 
 .1904068 .3765690 
 .2515019 .2142574 
 90 
 .3056505 .5659119 
 .2912307 .2443332 
 .6409018 .2772843 
 .4649014 .3376600 
 .7107083 .5361172 
 .9717926 .0733024 
 .7644256 .9521911 
 .8200661 .2959284 
 .7789572 .6526908 
 .6845864 .5301443 
 .1655674 .4912699 
 .3061946 .2779656 
 .2905110 .5220248 
 .1547754 .6356571 
 .9812561 .2844802 
 .3534954 .4434718 
 .0597256 .5104639 
 .4596288 .4373886 
 .2088848 .3618708 
 .9348292 .6253222 
 .4243368 .6030709 
 .5184570 .3184825 
 .9009856 .0038805 
 .9330428 .8061330 
 .1164672 .9968780 
 .2800606 .4009671 
 .4455714 .8521768 
 .1933024 .2722147 
 .9084485 .4968606 
 .5602076 .8314469 
 .3426661 .1459107 
 .8398971 .0863925 
 .8053082 .1149031 
 .3293092 .9129442 
 .4539534 .9777959 
 .9721360 .1344537 
 .3096790 .4790553 
 .4731226 .0974164 
 .6438777 .6089542 
 .7641172 .4882650 
 .4137930 .7424120 
 .6469633 .7792571 
 .0469398 .9009971 
 .2783085 .1918823 
 .4771305 .6379767 
 .8165662 .6308687 
 .8873330 .8183484 
 .9630298 .8152572 
 .0271985 .1579034 
 .4263925 .8971782 
 .8434756 .7233399 
 .8390873 .2334280 
 .7748217 .0425418 
 .8588338 .6167466 
 .3913975 .8311478 
 .7909653 .0773584 
 .7642327 .8467413 
 .9454221 .1629041 
 .3773486 .7111646 
 .1631361 .1658764 
 .5821571 .8079016 
 .7638096 .7991264 
 .2614011 .1159358 
 .0222062 .9664396 
 .9289932 .0722880 
 .8019407 .1186462 
 .0402243 .6883194 
 .9807731 .7457395 
 .6090933 .0431614 
 .7934920 .2890755 
 .7986161 .2420602 
 .3890229 .5594359 
 .1260603 .6963044 
 .1263140 .9485989 
 .1557846 .3304985 
 .9852545 .5935951 
 .5728778 .6655551 
 .6982646 .4010737 
 .5637747 .7126681 
 .7566739 .6086865 
 .3856004 .7329927 
 .4424799 .4331592 
 .4818451 .0955666 
 .7969581 .3502723 
 .7832350 .0654499 
 .4667848 .6273752 
 .8920047 .1759139 
 .3572420 .7788089 
 .3453530 .1210569 
 .8496009 .4707735 
 90 
 .4373256 .5242451 
 .0723425 .8342570 
 .1828745 .6065562 
 .6073678 .8596846 
 .6560542 .2487166 
 .5041848 .1894803 
 .5363791 .1981554 
 .1961474 .7767866 
 .3509494 .6455338 
 .6795570 .0596937 
 .3901966 .9457177 
 .1327391 .9675215 
 .0746835 .1874409 
 .2094725 .6235027 
 .8194430 .3621223 
 .9182887 .3686668 
 .0285458 .2212450 
 .8625763 .9743575 
 .2910701 .1566559 
 .4200315 .8426511 
 .3630977 .6398769 
 .1251889 .7595262 
 .0189044 .4033295 
 .2144644 .4469842 
 .9358316 .5640230 
 .3157359 .7769725 
 .7265573 .6420453 
 .1179005 .0189528 
 .0222953 .7128937 
 .2314696 .7888056 
 .8009951 .9925686 
 .2280132 .2815147 
 .2935458 .6632252 
 .0905428 .6732500 
 .8234617 .8182940 
 .2726351 .9771044 
 .5642078 .5901420 
 .6926540 .7753647 
 .8433562 .8088230 
 .9097332 .7118469 
 .3818126 .3530401 
 .2566369 .9300230 
 .5145718 .5574031 
 .8451364 .2434546 
 .4695052 .9341805 
 .3035249 .1189444 
 .3427085 .7913097 
 .2322491 .8718655 
 .3506083 .2572157 
 .2387773 .0868516 
 .7954791 .3702827 
 .7906414 .3924615 
 .1749428 .3074008 
 .9475102 .4801086 
 .9075347 .0001621 
 .4280602 .7474868 
 .8332068 .2447749 
 .7517294 .1844732 
 .2648411 .3158966 
 .8730652 .0620686 
 .8871240 .8461265 
 .4887238 .5268836 
 .8826442 .5701316 
 .9231460 .1770209 
 .6594779 .1310918 
 .2549271 .8694746 
 .4949684 .6206135 
 .3858376 .0913972 
 .0195535 .4222611 
 .5197186 .8623055 
 .1524996 .2416805 
 .6380028 .9035362 
 .9659153 .3587050 
 .8487855 .2345585 
 .7796082 .9921367 
 .9511094 .8901268 
 .0498576 .5268594 
 .3868273 .4922507 
 .4701767 .9538439 
 .3279873 .2886006 
 .9992668 .3922411 
 .5345391 .2537821 
 .8058001 .6123904 
 .5692017 .1489406 
 .5940445 .1099980 
 .9149665 .1929251 
 .3588349 .9832329 
 .6348419 .2967752 
 .9106440 .5618258 
 .7594804 .6721401 
