 15 
 250 
 .5751478 .4280818 
 .1783997 .1631058 
 .9975356 .1036414 
 .7548277 .4665780 
 .9733804 .9470604 
 .8747535 .5077925 
 .9874244 .9775977 
 .1879515 .8796882 
 .8597863 .5423701 
 .3107023 .4890885 
 .2183955 .0347802 
 .1748730 .1955890 
 .1356338 .0390406 
 .1503235 .0720445 
 .2759982 .0469186 
 .3084879 .4973043 
 .5830073 .7469067 
 .2043888 .9910128 
 .2625951 .4976722 
 .1367608 .1277423 
 .1945188 .8926375 
 .3177737 .0429666 
 .2080078 .6641732 
 .2489730 .9234697 
 .8656634 .3649241 
 .5499011 .3542275 
 .1706268 .5385256 
 .3993296 .3046448 
 .2939352 .1281759 
 .6925292 .6487990 
 .0469297 .7824946 
 .2454369 .1340739 
 .1202258 .0545996 
 .3293529 .2847847 
 .4862586 .2406566 
 .1268235 .4341361 
 .9144353 .1940729 
 .1770415 .4386540 
 .0616125 .7443099 
 .5313316 .1011020 
 .5486286 .6457522 
 .3574949 .3053949 
 .9761198 .0204752 
 .4948607 .6821552 
 .8174804 .2148862 
 .5362514 .5458790 
 .0887579 .4773508 
 .1526059 .0812047 
 .8571549 .9328380 
 .5221443 .4510417 
 .9217967 .4696139 
 .0075835 .7353583 
 .9801746 .2878505 
 .9584522 .4057650 
 .5663486 .3539941 
 .2048992 .3547086 
 .9852381 .6586196 
 .1459514 .2236282 
 .0313114 .2275745 
 .1978650 .7438644 
 .8173528 .9622735 
 .8234293 .7869758 
 .5848993 .6983079 
 .6647302 .5244404 
 .6450552 .9228839 
 .8913792 .1650324 
 .0168629 .3692667 
 .3824479 .7535022 
 .9878973 .6361699 
 .5997486 .9960733 
 .5034040 .9251767 
 .9865536 .4837406 
 .4687849 .2505844 
 .6307713 .4079459 
 .8857003 .7918145 
 .1438891 .2369346 
 .0821574 .6045050 
 .7930718 .1145126 
 .6768560 .2958829 
 .6375621 .1630416 
 .5604081 .5537817 
 .7033821 .5638705 
 .9910079 .0850055 
 .2111866 .3330342 
 .4873479 .4934262 
 .8673715 .1274842 
 .8422153 .2745175 
 .7421067 .1643857 
 .2489229 .2217581 
 .9812451 .3076479 
 .8896741 .3697573 
 .4109626 .4038867 
 .7278011 .8148547 
 .0609209 .8039754 
 .7096981 .4695964 
 .0076118 .3932568 
 .8398521 .5736814 
 .1657547 .0178978 
 .0538196 .5889771 
 .3610789 .5187958 
 .5769472 .3758141 
 .0189357 .1874285 
 .3062636 .1452562 
 .1038587 .7971023 
 .1619157 .9081915 
 .7368346 .8327394 
 .4829617 .7351879 
 .5785580 .4746652 
 .2378982 .2768705 
 .1647393 .5563692 
 .6181728 .2864057 
 .6675140 .3199192 
 .7057447 .3842871 
 .9765707 .4801707 
 .2636871 .4992986 
 .6736866 .9621323 
 .8895104 .2340579 
 .7313301 .7143808 
 .0794953 .2022068 
 .1037764 .1822791 
 .1515109 .9678853 
 .4891803 .2424813 
 .1237103 .8248905 
 .3021756 .4868292 
 .8948004 .9586663 
 .3752235 .4687991 
 .4534374 .6522617 
 .3570186 .5961686 
 .0823482 .6784302 
 .6391951 .4140733 
 .0271912 .8523967 
 .5472513 .6551453 
 .9685897 .3292653 
 .2944439 .1575030 
 .6533683 .4798782 
 .8222973 .0240186 
 .6804389 .3699258 
 .3297325 .6120651 
 .8581876 .7375496 
 .4035538 .4338673 
 .6012523 .0903390 
 .7725426 .0831762 
 .0504180 .7367923 
 .5696077 .0912979 
 .2026421 .2807672 
 .5427283 .2990542 
 .2391182 .8284706 
 .0347166 .9930707 
 .0354420 .8119076 
 .0705163 .7144134 
 .8145227 .2837190 
 .0527578 .2620469 
 .0325371 .5867459 
 .0630089 .8774122 
 .5311089 .6857769 
 .4765034 .7416385 
 .0926716 .8445103 
 .5885004 .5130489 
 .8357926 .8511095 
 .4747359 .3867249 
 .1057589 .1916037 
 .8080754 .7144889 
 .0631003 .4300819 
 .4573758 .1647817 
 .1466219 .0039239 
 .2191130 .2470795 
 .7730766 .5444877 
 .9814476 .2317476 
 .5054987 .9895107 
 .1854760 .4580990 
 .6365891 .9012622 
 .0083682 .0729372 
 .5400540 .7199937 
 .8143242 .6485588 
 .7765998 .7787422 
 .8556972 .1000888 
 .0250461 .8338419 
 .8996410 .0016672 
 .3528797 .1138678 
 .5341443 .8714168 
 .7421994 .3839502 
 .6877260 .2758371 
 .4315474 .6257481 
 .8832877 .6523211 
 .4942469 .4466280 
 .6300560 .4584067 
 .8097202 .4930498 
 .0171098 .4601841 
 .5435044 .6285869 
 .0740775 .4395216 
 .4694720 .5596939 
 .0631158 .0374719 
 .6667524 .5030544 
 .0026479 .5039056 
 .7141985 .3753803 
 .0264572 .3731326 
 .5846026 .2756747 
 .4680000 .0515334 
 .7943971 .5844890 
 .8331347 .4430684 
 .4649340 .1253846 
 .2762587 .4464963 
 .9587731 .2589402 
 .2040171 .7662412 
 .5163911 .6849881 
 .7636984 .2566335 
 .3704938 .7276251 
 .9840626 .1737467 
 .3793396 .0206821 
 .1660820 .3847842 
 .2073134 .2870498 
 .8987914 .8639816 
 .0880853 .2393167 
 .1175821 .7057962 
 .5182037 .8848694 
 .4327091 .3678010 
 .8195652 .4967065 
 .2259382 .8117080 
 .0380251 .4500162 
 .6220421 .4733524 
 .4601268 .6998388 
 .4556623 .3308020 
 .1656854 .0001610 
 .0267964 .4610469 
 .2134186 .5903576 
 .2112613 .0245094 
 .6901352 .9892743 
 .9948134 .1749154 
 .0388203 .1662312 
 .5475982 .4794268 
 .6024569 .5650889 
 .5531492 .5073743 
 .6512478 .5430447 
 .8446749 .6999860 
 .4612117 .4882943 
 .8597591 .8002090 
 .1295736 .3758900 
 .5692704 .2706019 
 .2821113 .4223242 
 .1211296 .4653646 
 .8723114 .8573534 
 .4060302 .9944012 
 .8019933 .1346329 
 .2291519 .8049128 
 .7056167 .0766383 
 .0757530 .0289190 
 .2209790 .8573827 
 .0931897 .5603473 
 .3900650 .1693866 
 .5687823 .5274289 
 250 
 .1556038 .6375010 
 .7409499 .1471401 
 .5890734 .2072947 
 .3065625 .6578567 
 .5396131 .9630923 
 .7344201 .8312716 
 .5532375 .1711550 
 .9045792 .6095051 
 .5880259 .2852249 
 .2947945 .2802319 
 .3412627 .6204783 
 .7450559 .8111023 
 .6939709 .2611413 
 .7529657 .9717667 
 .3395751 .8173907 
 .4779388 .0719638 
 .2567102 .6269744 
 .5398142 .8694279 
 .1591028 .0820249 
 .8538551 .7213443 
 .9431685 .5650805 
 .9031872 .5747667 
 .6791251 .0511596 
 .9528888 .0593300 
 .7641940 .2631337 
 .8861111 .8417891 
 .0744938 .2813902 
 .9081713 .5459107 
 .6006827 .0691563 
 .8234409 .8900757 
 .1039358 .2826482 
 .6334445 .1431466 
 .4436044 .2286903 
 .7118037 .3787482 
 .7535540 .5874132 
 .8489047 .0886282 
 .6158743 .6473490 
 .2803527 .2042465 
 .5210481 .8554987 
 .8597992 .1167098 
 .6229215 .4540156 
 .4375008 .4606612 
 .1925850 .2838171 
 .0773948 .7572764 
 .0327100 .3469901 
 .9914618 .9521488 
 .9056525 .7350682 
 .1821030 .8300865 
 .9148767 .7874139 
 .1400829 .5727360 
 .6076395 .0188203 
 .1136957 .6160137 
 .8725551 .0613360 
 .1981075 .6696027 
 .7112874 .6529868 
 .7337043 .4247914 
 .5793598 .0638135 
 .3776644 .1817137 
 .8145689 .2032350 
 .0402528 .3921479 
 .9879146 .3654709 
 .1604362 .8964506 
 .7939531 .9423890 
 .2257286 .3274960 
 .0052117 .7039757 
 .8976135 .5926758 
 .3964228 .0914264 
 .6528535 .2966285 
 .4339962 .4999152 
 .7464021 .1394439 
 .6470173 .2981947 
 .9848714 .3621467 
 .3582770 .3285960 
 .8995022 .7953539 
 .9550785 .2795080 
 .2407291 .5176338 
 .9049704 .4863134 
 .2866369 .0043198 
 .7437863 .6968133 
 .4562776 .3398655 
 .4425902 .8716732 
 .5248646 .9093167 
 .7439733 .3551488 
 .9176825 .2466294 
 .7818027 .3595781 
 .8670637 .6064415 
 .7846173 .7096472 
 .5933852 .4860096 
 .8215731 .6775211 
 .2456359 .8374082 
 .9788149 .4333669 
 .4261149 .0962716 
 .3385342 .5008631 
 .2311304 .3693788 
 .6454464 .4447689 
 .5566054 .0637634 
 .2461162 .0657974 
 .8231478 .7368134 
 .1231468 .3126836 
 .3358295 .7695327 
 .6538824 .0557421 
 .4635368 .3208023 
 .8246083 .3511469 
 .1427172 .5536390 
 .4364196 .8489255 
 .5095566 .9171257 
 .4456401 .9860146 
 .5594844 .8394207 
 .7750418 .4219671 
 .6273308 .9950678 
 .1848215 .1197952 
 .3668484 .7482605 
 .2644695 .2862837 
 .1635767 .7747914 
 .1459908 .2406725 
 .1065715 .4986708 
 .6805543 .7911827 
 .5262495 .0518646 
 .7872146 .9162222 
 .6189205 .1218054 
 .3840238 .9595376 
 .9523970 .3733060 
 .3462944 .0818551 
 .9977956 .1387816 
 .5891289 .7289691 
 .7641782 .7203036 
 .6142684 .1785531 
 .8164308 .8334803 
 .3549825 .0534887 
 .3116524 .2785373 
 .2447746 .7139953 
 .2617288 .6177729 
 .1612821 .7775915 
 .2736048 .1778199 
 .9785498 .2157007 
 .9754482 .7244037 
 .3090185 .5268172 
 .8353288 .2585515 
 .7287400 .8143478 
 .9356158 .0760387 
 .1406767 .0658290 
 .4849425 .9732643 
 .4141107 .8399611 
 .6216962 .6672733 
 .2033423 .6570912 
 .7674730 .4573144 
 .7436449 .8331863 
 .9922034 .1596712 
 .9820323 .9102584 
 .3085970 .6035600 
 .8474288 .2684071 
 .4635987 .6281902 
 .7094770 .4444190 
 .7675854 .6516463 
 .7151280 .0549876 
 .1144722 .5106297 
 .0124832 .3923686 
 .1016525 .3532982 
 .8447636 .5274561 
 .7491647 .8000172 
 .7839181 .3581190 
 .6215689 .2008030 
 .3209055 .1549768 
 .2401416 .3831318 
 .6732582 .8958796 
 .7910525 .5066483 
 .7328042 .5949867 
 .7285846 .1666451 
 .9675526 .9107816 
 .5701092 .2980585 
 .9093915 .9854088 
 .7978274 .2456385 
 .3885587 .5886418 
 .3251490 .0409578 
 .3894825 .5143791 
 .6444150 .8575416 
 .4607133 .5440998 
 .9263626 .1336658 
 .8619231 .3259617 
 .5567225 .2278112 
 .6085077 .8334901 
 .6254964 .9114164 
 .5018278 .7148539 
 .6712267 .6519596 
 .0207429 .3108412 
 .6548241 .5785682 
 .1954633 .3326151 
 .0116800 .2718141 
 .5730471 .5124289 
 .2107640 .0361594 
 .0877372 .7724857 
 .2265903 .9921775 
 .7289425 .8373380 
 .5832536 .9982386 
 .7026576 .4193918 
 .2255706 .8473368 
 .3436569 .2485210 
 .6646433 .0911861 
 .0785370 .8462647 
 .0752742 .8651486 
 .6737800 .0508704 
 .9195327 .8060205 
 .9261189 .3073337 
 .0507904 .0897138 
 .6497714 .5098576 
 .1196240 .2244671 
 .7592107 .0235823 
 .6485313 .9119327 
 .5972336 .1563158 
 .7453286 .3653455 
 .2638167 .9750907 
 .6517947 .2205132 
 .0967685 .5799826 
 .9285140 .7986161 
 .8631666 .8095158 
 .0003481 .1242874 
 .5511447 .3464425 
 .1584393 .8502036 
 .5024438 .2454949 
 .2505312 .1099723 
 .2824051 .3791477 
 .6955791 .2715017 
 .1184234 .9942865 
 .8225321 .4877910 
 .6104554 .7302196 
 .7356962 .6732394 
 .0756371 .7424966 
 .0166500 .8406533 
 .3685755 .1207718 
 .8391763 .3241732 
 .0420851 .1332671 
 .9405112 .9308747 
 .6902064 .9635201 
 .9882970 .0908514 
 .3439267 .9528366 
 .0243626 .1316948 
 .6552674 .7874813 
 .8577565 .3454755 
 .7799824 .8739128 
 .7117225 .9391374 
 .5131691 .0665914 
 .4814470 .5946673 
 .1932890 .1268295 
 .1978270 .4830343 
 .7035891 .4111047 
 .4711114 .3827295 
 .7883561 .3639906 
 .7484622 .1943192 
 .7749877 .9126686 
 .2901802 .6987717 
 250 
 .2491772 .7526339 
 .1669333 .8989758 
 .5547448 .1409978 
 .8087393 .6678509 
 .1544549 .9754835 
 .3870749 .5973077 
 .5537060 .8721051 
 .4632386 .7320609 
 .0029069 .3383833 
 .9553642 .0504787 
 .5918322 .0850741 
 .8172051 .8282839 
 .3529254 .5785429 
 .3253550 .0345525 
 .0105539 .0963957 
 .1668820 .2450991 
 .1472684 .2365536 
 .4228062 .7355423 
 .5913365 .9079144 
 .0583699 .8921247 
 .2348676 .5998647 
 .8500359 .2472634 
 .4288692 .9264680 
 .1805053 .6408520 
 .4182445 .2449424 
 .3831862 .4970605 
 .5111981 .1703325 
 .0703640 .1968087 
 .0464318 .0998643 
 .0762429 .1627660 
 .6380280 .9096151 
 .4159369 .6386726 
 .2397048 .7186334 
 .3208084 .2575229 
 .5623257 .3947706 
 .4631794 .3107376 
 .2738308 .1030263 
 .6207830 .0473915 
 .8692613 .9094472 
 .1322936 .1809129 
 .4679552 .9273239 
 .6262667 .8299361 
 .1104337 .8408993 
 .9207567 .0772211 
 .1116441 .4158014 
 .1311484 .8402735 
 .0902300 .7932350 
 .5182679 .3915390 
 .5330149 .3923868 
 .2740074 .1643410 
 .9550751 .9757988 
 .2814405 .8901079 
 .3512872 .1664286 
 .0921071 .0274293 
 .8652358 .1810208 
 .3137214 .1961218 
 .2734973 .9380449 
 .8634170 .1893005 
 .5327479 .6230937 
 .8686799 .3104806 
 .4865226 .3010555 
 .3317571 .4154983 
 .7879415 .7408723 
 .1424595 .2125806 
 .7619694 .1910321 
 .9453113 .1077334 
 .5909480 .7754193 
 .2438468 .1337912 
 .8328861 .2705324 
 .6489183 .1645142 
 .5334751 .5146541 
 .2280637 .5220532 
 .4176645 .2631140 
 .5556987 .0064682 
 .8800449 .0545920 
 .5530499 .0168099 
 .4579052 .1422559 
 .9837372 .4390854 
 .5767957 .7586915 
 .1646546 .9292680 
 .7034236 .3508474 
 .8786947 .6388937 
 .4098543 .8038604 
 .6398163 .7737641 
 .7189822 .3714351 
 .5533790 .0373585 
 .6241920 .7837017 
 .4144621 .3217934 
 .7037405 .9869486 
 .9604616 .2400793 
 .8177830 .7966107 
 .0955185 .4510418 
 .2058194 .4661582 
 .3746837 .3571394 
 .8047919 .2783683 
 .2040771 .7375385 
 .8807850 .6776499 
 .3960488 .2337414 
 .3954212 .5459034 
 .4194199 .2898337 
 .8842599 .7806313 
 .5956594 .0585491 
 .6689569 .6009328 
 .4912599 .7498812 
 .3052801 .6604165 
 .9110076 .6904307 
 .3204573 .1992137 
 .4602144 .6860911 
 .2384189 .6709674 
 .0576882 .7825859 
 .0404351 .5231788 
 .6741798 .7797983 
 .6591068 .5164002 
 .7596577 .3963148 
 .6407893 .0027530 
 .3109356 .2571717 
 .2079821 .2478985 
 .5103205 .2849725 
 .7691504 .9111836 
 .7149620 .9443726 
 .3065139 .3720037 
 .8618779 .3919319 
 .5577089 .3197450 
 .8291094 .1245512 
 .7175444 .9607863 
 .9005324 .3446597 
 .4315005 .8272130 
 .3494161 .0510512 
 .7308048 .4239321 
 .6002982 .8402899 
 .5550331 .1870321 
 .9540268 .5219734 
 .5948645 .2473079 
 .1583202 .8063646 
 .0250401 .5371330 
 .0548202 .3470319 
 .6333790 .5221053 
 .1997664 .0836864 
 .9210575 .3943866 
 .9930095 .8384155 
 .6749109 .4831886 
 .9005084 .1165163 
 .7044235 .9077141 
 .4476381 .6331508 
 .9920009 .5448068 
 .6109660 .7486240 
 .2102075 .0709021 
 .0485461 .2052422 
 .8865741 .4663603 
 .4746454 .7119852 
 .6054827 .6782040 
 .7830424 .3516470 
 .3751737 .3004436 
 .8200582 .7581973 
 .1912607 .7628405 
 .7581712 .7369245 
 .1189189 .6699172 
 .7648622 .6209699 
 .8043141 .0905419 
 .2281190 .2571792 
 .8094904 .6902927 
 .5062259 .1113240 
 .8290182 .9873080 
 .5189643 .5346984 
 .6638539 .4982466 
 .1815689 .6354181 
 .4582513 .3625907 
 .5806286 .2804695 
 .4968386 .8666092 
 .9689919 .2881987 
 .8462965 .2461371 
 .3685427 .5625372 
 .0320909 .7807074 
 .2568637 .4143552 
 .1755965 .4887620 
 .1052000 .1939491 
 .6783348 .1204697 
 .2471878 .1413403 
 .4131178 .4843485 
 .6944235 .5048139 
 .9392714 .7372335 
 .2675309 .8774961 
 .6609875 .8524087 
 .1588298 .6887806 
 .9418609 .2337284 
 .3514484 .1316118 
 .5099722 .9775673 
 .9436300 .7150278 
 .2591330 .6502352 
 .3075004 .2485151 
 .6832740 .1343596 
 .2775635 .4726326 
 .2700800 .0294585 
 .5321067 .7685849 
 .5120268 .6327710 
 .5044165 .3649708 
 .7405929 .4771748 
 .2316463 .1073500 
 .4127787 .0019724 
 .3962338 .9975812 
 .1258055 .8552553 
 .5043635 .1146256 
 .5411577 .6867402 
 .9319884 .9037075 
 .2856214 .6381907 
 .8927974 .8109127 
 .1748185 .0630783 
 .8731301 .4275133 
 .8715987 .7337757 
 .5526087 .2120754 
 .1326791 .7865919 
 .6900901 .9357459 
 .5847823 .2131461 
 .0938363 .6415844 
 .6663600 .5691955 
 .9914747 .4544073 
 .8204699 .9148886 
 .4357664 .2929032 
 .7636441 .4367658 
 .5803383 .6277711 
 .9073137 .7824758 
 .6767611 .0428686 
 .6826851 .3523839 
 .6095810 .5728649 
 .2145581 .5638125 
 .0155417 .6302033 
 .7895935 .7968418 
 .0311737 .7533199 
 .8426253 .1462067 
 .1705851 .3015769 
 .4009413 .4801183 
 .6315680 .4222708 
 .4286643 .3196135 
 .5294424 .8909131 
 .3366266 .8145625 
 .4183068 .4847687 
 .7900861 .1555281 
 .4199491 .0359235 
 .2674517 .1125536 
 .9705060 .8059537 
 .6955130 .4584399 
 .4304506 .8491277 
 .6956691 .6784353 
 .5885335 .0420115 
 .9939785 .8912846 
 .6163221 .8489029 
 .5356598 .0465581 
 .6758704 .9967245 
 .6496174 .3958688 
 .7152210 .3193846 
 250 
 .7658133 .5742899 
 .7587938 .3072023 
 .9204940 .4237688 
 .1536642 .5063252 
 .5015840 .4308893 
 .8971754 .9381665 
 .9866233 .2627378 
 .6626781 .1692938 
 .0936062 .7301662 
 .9623508 .5149366 
 .7736433 .3881874 
 .7304283 .9988856 
 .4836569 .1368864 
 .3556653 .9510527 
 .5350061 .2888392 
 .9048895 .2708894 
 .0551586 .7339063 
 .2139629 .1272477 
 .9469593 .6101760 
 .1197737 .8476412 
 .5938247 .2690570 
 .9959376 .5542642 
 .0369968 .7288496 
 .7520901 .2500763 
 .7279528 .1078278 
 .5659257 .0027924 
 .2078647 .0157381 
 .0298685 .0122711 
 .3467805 .2999298 
 .4893719 .0095868 
 .9356112 .0648717 
 .6937305 .8935475 
 .9992214 .1248513 
 .2268580 .9696009 
 .4115814 .0599827 
 .4761540 .7614955 
 .1542084 .3135506 
 .2612417 .1997587 
 .4646574 .2199616 
 .9974268 .0725481 
 .4577746 .8504581 
 .9151063 .9107666 
 .5414557 .9090359 
 .0874479 .8650273 
 .7509117 .8419963 
 .7133810 .4491455 
 .3385974 .5170181 
 .3276853 .0428583 
 .6161485 .3948534 
 .6186445 .4724499 
 .8725741 .6095007 
 .7677597 .4664316 
 .5997012 .7792803 
 .3142849 .8964167 
 .3391370 .1174077 
 .3062776 .9803739 
 .0099517 .3597093 
 .9333418 .5035717 
 .0555461 .4798418 
 .1356942 .9962696 
 .3219178 .8570270 
 .2285144 .0286002 
 .0954189 .6737016 
 .9361417 .6116564 
 .7212833 .4638628 
 .1514752 .3365715 
 .9173269 .9580681 
 .1633180 .4848993 
 .2004654 .1662872 
 .1572849 .9858872 
 .3546943 .9308985 
 .8106822 .7988288 
 .8730990 .3323438 
 .2723613 .0186043 
 .7759569 .1400896 
 .4363640 .6343104 
 .8022284 .2098724 
 .0621100 .2465657 
 .0403491 .0105091 
 .0303475 .9381930 
 .6413988 .4331088 
 .1069818 .6025528 
 .0660916 .2431229 
 .4576481 .0083670 
 .7667490 .9695813 
 .4433776 .3014545 
 .3941568 .1118764 
 .7483559 .0319416 
 .3321123 .1458536 
 .6484782 .6072287 
 .0721985 .2285211 
 .4155751 .7008337 
 .8080386 .4726935 
 .8457320 .9272153 
 .4996365 .3651081 
 .2674482 .2923417 
 .0695562 .9472824 
 .8803909 .7561380 
 .5662937 .8184013 
 .8396056 .8405594 
 .9764004 .3421063 
 .2621390 .6679161 
 .4833888 .5699945 
 .6095402 .1377635 
 .6433392 .6972057 
 .1945178 .1041867 
 .1470956 .1404475 
 .5645630 .2931951 
 .2271353 .8144885 
 .1085056 .1342216 
 .6912847 .5552886 
 .4801505 .4399299 
 .0605885 .0098442 
 .5902656 .6617001 
 .0774691 .2352609 
 .4256515 .9188193 
 .3430083 .7108276 
 .4407333 .7295858 
 .1363843 .8927215 
 .5494787 .8817618 
 .3503748 .6947122 
 .8273720 .6251317 
 .4170359 .6606348 
 .1060631 .7448468 
 .2573498 .8437438 
 .0860769 .4128215 
 .5154576 .7001302 
 .9720098 .2851943 
 .1672084 .2514567 
 .7038710 .3238372 
 .2468257 .4271286 
 .5590470 .4135955 
 .8246660 .3459469 
 .3606852 .1064214 
 .0909848 .2680709 
 .0665174 .7683382 
 .7404830 .4030256 
 .6311775 .9922872 
 .7828438 .4993145 
 .4263171 .2638869 
 .0856348 .4042108 
 .0451982 .3600069 
 .7355097 .2442940 
 .0783439 .5913625 
 .7167421 .6515422 
 .6781662 .4770948 
 .1754295 .0970744 
 .8746723 .4060544 
 .0733611 .8832405 
 .2902768 .8782779 
 .4352217 .1104556 
 .9458301 .5504726 
 .4416420 .8412586 
 .2561195 .9882321 
 .7912800 .0313195 
 .2727050 .1497347 
 .2077667 .3238069 
 .1239376 .5228403 
 .5496415 .6854397 
 .9927706 .7793587 
 .2284876 .7129651 
 .6164199 .0038121 
 .7750165 .3085093 
 .1294717 .1438178 
 .3249905 .7995236 
 .2325709 .3972851 
 .1242846 .3896676 
 .4687695 .8174912 
 .1602153 .4342292 
 .3328608 .4378090 
 .6871651 .2383446 
 .7170022 .5879301 
 .3886726 .1166420 
 .6875143 .6248947 
 .5531797 .0047676 
 .8593712 .8046350 
 .9716981 .0898398 
 .9404522 .1800937 
 .0154293 .2790086 
 .7985219 .8748252 
 .9299994 .8412387 
 .2890581 .4283508 
 .8881137 .6629821 
 .8878424 .6609608 
 .5592479 .1168312 
 .9025950 .1181586 
 .3561287 .8543326 
 .8842610 .0230588 
 .2633822 .6381701 
 .1997580 .1208196 
 .0914824 .8006853 
 .1304783 .1121271 
 .6641903 .6684631 
 .0785001 .7499064 
 .0626782 .3772602 
 .4367274 .2593209 
 .5246466 .4061701 
 .5389289 .6177886 
 .5296177 .8103873 
 .1673104 .4187068 
 .2773866 .8915291 
 .8627256 .4968790 
 .1579836 .7139849 
 .4473174 .1098018 
 .5786057 .6934652 
 .6101948 .0790309 
 .0034696 .1256000 
 .1900888 .6693358 
 .3115779 .1013720 
 .1687093 .8273006 
 .3076281 .3231377 
 .8061391 .3599663 
 .8428939 .8782821 
 .4339717 .2900708 
 .6135164 .4729388 
 .9894155 .4969567 
 .0884265 .8389780 
 .4281694 .2983100 
 .6507247 .3043970 
 .8869234 .2421104 
 .0749351 .5986230 
 .2567561 .3925268 
 .7557782 .0258357 
 .2429025 .0775328 
 .1871300 .7945262 
 .7782501 .6267576 
 .2853099 .5908988 
 .7688989 .2100773 
 .1689206 .9156833 
 .7090952 .5727065 
 .5458089 .1942391 
 .0262307 .2706090 
 .2014816 .5817690 
 .6082856 .8979418 
 .2051530 .5198195 
 .5175033 .6605057 
 .0096720 .6952872 
 .2841143 .3178281 
 .9675423 .7846745 
 .4689844 .7610918 
 .9522544 .3476159 
 .6380588 .0216604 
 .4848569 .0155085 
 .9458090 .9599867 
 .4302634 .6917154 
 .8084754 .8492444 
 .0438660 .2650419 
 .4771355 .0616266 
 .7017808 .2012993 
 .6994291 .5449498 
 250 
 .5101246 .6195439 
 .2785358 .1375038 
 .3202792 .8183008 
 .5776425 .3420433 
 .3257988 .8685242 
 .4440537 .2349445 
 .9176061 .4474940 
 .3932038 .9308911 
 .0500666 .6020873 
 .1405264 .6015313 
 .9315808 .0891668 
 .8273286 .5404006 
 .9971479 .2709820 
 .8719166 .1955554 
 .1320885 .6077673 
 .7931294 .4128532 
 .9684248 .3889130 
 .2915608 .2411655 
 .4284584 .7164826 
 .2129995 .3780595 
 .8915173 .5762101 
 .8253960 .4501618 
 .4448208 .2147342 
 .3688767 .5335524 
 .3705869 .5384845 
 .5293820 .2706645 
 .7290429 .8476118 
 .9693086 .2133120 
 .7185473 .3434295 
 .1394934 .1361678 
 .2147509 .3632925 
 .2998946 .4782996 
 .9832672 .5034570 
 .1828113 .1767709 
 .6848519 .4265283 
 .4213396 .2878575 
 .7962555 .3913919 
 .3034020 .2176596 
 .4888730 .0033133 
 .3520088 .3118140 
 .5637280 .4109764 
 .6168250 .1281930 
 .6453461 .6638745 
 .5195292 .0189135 
 .5863572 .1134693 
 .9422685 .6982310 
 .7143670 .9581610 
 .4886394 .2279740 
 .1354175 .0961542 
 .1714700 .2066192 
 .4543699 .6000374 
 .0701479 .7339525 
 .3294395 .0381058 
 .8187304 .7100301 
 .2810597 .6534190 
 .3885121 .9218846 
 .8468984 .6230895 
 .9564921 .8186399 
 .9253525 .2456173 
 .3332115 .4574417 
 .0768632 .3690055 
 .2761037 .3384012 
 .4410837 .5401952 
 .0417395 .1936329 
 .2509427 .5278164 
 .9235516 .6479539 
 .8421429 .7836638 
 .6596999 .3589591 
 .4162691 .2394315 
 .0450959 .0414979 
 .1526084 .1973824 
 .5961456 .8931085 
 .8006671 .0175489 
 .6379024 .5072315 
 .5323551 .3180549 
 .8399568 .4720622 
 .1875617 .4149914 
 .3359199 .5242416 
 .3945177 .0972492 
 .6257100 .3152636 
 .3595850 .3606002 
 .1714090 .4490122 
 .0600983 .6523929 
 .8351467 .2932824 
 .4862479 .1792841 
 .1376824 .9260007 
 .4989110 .0187356 
 .9930063 .1551871 
 .5224494 .7013512 
 .5387760 .4950096 
 .0849665 .5837936 
 .5636435 .8706229 
 .2510026 .1367832 
 .6469234 .1813660 
 .0483007 .0928289 
 .4775091 .1323685 
 .5437611 .5346422 
 .0988657 .3432001 
 .4341630 .1959425 
 .4142250 .9909326 
 .7323389 .6673312 
 .7471810 .4133958 
 .8843821 .4643945 
 .3416457 .3935260 
 .6708191 .0739633 
 .3429787 .4120691 
 .4346346 .6357944 
 .1579501 .0755319 
 .1392568 .7666204 
 .4614560 .2187078 
 .7752506 .5548370 
 .0064669 .8033741 
 .6781858 .7478199 
 .4919723 .5813917 
 .0520906 .8582894 
 .9305918 .3934662 
 .7607445 .0070349 
 .2994531 .7037908 
 .2879418 .9099662 
 .0088111 .2327061 
 .4004444 .0586452 
 .3240915 .9889200 
 .8837816 .8234625 
 .9575022 .2017604 
 .8590094 .3532293 
 .4214708 .1319129 
 .4131674 .6174432 
 .4118390 .9531651 
 .0601213 .0386378 
 .6553885 .2423548 
 .0519131 .6303205 
 .6927844 .4220510 
 .6313118 .5668185 
 .5408185 .0399998 
 .4891249 .2781817 
 .8408112 .2480807 
 .1876500 .5368981 
 .8946045 .4059749 
 .0445688 .0718610 
 .0446454 .4629702 
 .5372773 .9345535 
 .4866326 .6848588 
 .9712538 .5160793 
 .3159855 .3487439 
 .9302512 .5722377 
 .0943899 .1213000 
 .5510185 .0956096 
 .3588058 .7976566 
 .2885630 .0543590 
 .3489687 .6781244 
 .5948140 .0104536 
 .0545080 .8054972 
 .5466032 .9860384 
 .9207367 .2211612 
 .3382862 .6540495 
 .8318421 .9057676 
 .7977518 .4136074 
 .1280439 .6692980 
 .4771617 .0355592 
 .4131742 .4030142 
 .8841794 .6295346 
 .9624997 .1965557 
 .2158525 .4293184 
 .0263341 .1893698 
 .3833505 .4940036 
 .8095046 .9362599 
 .7065976 .4915587 
 .1439327 .7291434 
 .6361256 .3198950 
 .8028799 .8756585 
 .1353672 .9165483 
 .1596949 .4720802 
 .5277665 .1374566 
 .7875948 .7426262 
 .9646623 .4113244 
 .1340099 .5066911 
 .1745544 .7994775 
 .2747459 .6743683 
 .4722462 .3502230 
 .8385577 .6908352 
 .4851374 .9073121 
 .5580997 .3213262 
 .7287539 .9274453 
 .8025269 .7975196 
 .7571296 .9326333 
 .3216684 .7777608 
 .5360285 .9579273 
 .9105933 .3896608 
 .0358901 .1793218 
 .6029394 .3437764 
 .6019428 .6838135 
 .3254875 .1883343 
 .9038179 .3744349 
 .8865425 .6118263 
 .3563679 .0258652 
 .1056353 .6248205 
 .6849026 .6967236 
 .3882885 .7340240 
 .3168591 .6761663 
 .8610088 .0675351 
 .7406799 .9457029 
 .2496731 .9648639 
 .7915343 .2605194 
 .1379862 .8907146 
 .6001444 .3238085 
 .3980957 .6872372 
 .9605267 .5059578 
 .9466714 .1025079 
 .1075792 .9487060 
 .2381972 .1179107 
 .0063001 .9308290 
 .9417808 .6759068 
 .5886710 .7323485 
 .1248791 .7519156 
 .9670206 .0319365 
 .2408644 .0267298 
 .2266802 .6579112 
 .7287209 .3435776 
 .3660861 .2752598 
 .7112801 .2586526 
 .4068464 .7552614 
 .9396715 .8351964 
 .4248200 .4038015 
 .7799985 .8460644 
 .7286140 .2201560 
 .8650425 .1326695 
 .7942421 .6581419 
 .4179733 .3513045 
 .7016690 .1418859 
 .7629916 .9906313 
 .2457356 .4623154 
 .9234640 .5736210 
 .8331842 .1986215 
 .4128393 .5079630 
 .6393375 .9596500 
 .4763604 .2029694 
 .8800768 .4492441 
 .4587151 .8478093 
 .7422821 .4902463 
 .1582075 .6025538 
 .4814887 .9949771 
 .6731926 .7845176 
 .0993367 .6838013 
 .2302920 .7697930 
 .2031048 .8036648 
 .8727213 .5432000 
 .1603746 .2985147 
 .9348031 .8261750 
 .2163329 .3840762 
 .3768251 .1358951 
 250 
 .2495339 .2688460 
 .9317400 .5622458 
 .4017725 .2671433 
 .4381905 .0115927 
 .7142214 .6319218 
 .7068923 .6147579 
 .6078089 .3955740 
 .9809259 .3256618 
 .7211228 .0844255 
 .8838762 .7787867 
 .1115734 .5428120 
 .2694263 .4975059 
 .6702894 .8788309 
 .3458685 .7584040 
 .0209155 .7768453 
 .7904394 .9635496 
 .0772767 .5998729 
 .4203311 .3352775 
 .4224442 .7538985 
 .6660785 .1459431 
 .0272167 .0691809 
 .1026806 .4853496 
 .5220941 .2715750 
 .3256910 .6456500 
 .9336121 .2080309 
 .3925103 .3995255 
 .8410868 .0305436 
 .9496411 .5318688 
 .3385470 .1452030 
 .2886300 .6650873 
 .7215562 .9483991 
 .3582265 .3380157 
 .8699134 .1889632 
 .8368426 .0403272 
 .9625193 .6388565 
 .5541016 .9877804 
 .2251625 .4892194 
 .8470379 .3056766 
 .3482761 .8139674 
 .0367390 .3630467 
 .1799915 .2979324 
 .4938338 .6003896 
 .1477299 .3865817 
 .2926144 .5887509 
 .1242875 .6928951 
 .9876560 .4546186 
 .3545256 .9448071 
 .5249587 .3480331 
 .5065522 .4620212 
 .8508031 .4025029 
 .5043099 .0397508 
 .7220755 .6543166 
 .8219405 .5523215 
 .0556963 .6126711 
 .3468235 .3723585 
 .5733804 .4952324 
 .4079501 .0697706 
 .3801758 .3983406 
 .4669401 .4846972 
 .5274723 .6265871 
 .3157078 .2733039 
 .8073554 .7699772 
 .1401773 .9555608 
 .4467049 .5328543 
 .9037013 .3382113 
 .6452077 .3692610 
 .2746053 .3698061 
 .8478837 .1839490 
 .5547150 .8712297 
 .2637077 .1738838 
 .2324903 .4753610 
 .6288666 .7063286 
 .0456317 .2416624 
 .9450159 .2884865 
 .6414129 .9613761 
 .4660061 .4497419 
 .6036701 .7498914 
 .3148431 .9378247 
 .9960095 .1855220 
 .7275257 .1692321 
 .5615341 .4866724 
 .1707912 .4540339 
 .9178897 .9479676 
 .7830789 .1552790 
 .7778543 .4436400 
 .2461230 .6006429 
 .3826903 .0541042 
 .9998970 .1332475 
 .6182114 .0174781 
 .5450681 .0017723 
 .0396321 .9276118 
 .5010861 .6165896 
 .2959350 .5072428 
 .3584316 .7457272 
 .9403514 .9299962 
 .9217923 .1365317 
 .7507782 .5363563 
 .9159248 .4079830 
 .5601853 .3122561 
 .9341080 .3842557 
 .9974760 .5378222 
 .8542955 .7893387 
 .9364960 .8688694 
 .2217506 .7898666 
 .0050982 .5232423 
 .2779915 .5907956 
 .0650251 .3838219 
 .8706987 .4257209 
 .6720199 .3132486 
 .1617474 .0475013 
 .3866746 .8529308 
 .8021309 .3599682 
 .3402307 .2389920 
 .1921391 .2198770 
 .2635197 .2362469 
 .9091632 .6994441 
 .5466183 .0313645 
 .8678098 .1908322 
 .7842626 .1388508 
 .9690432 .5493291 
 .3377621 .1966604 
 .7757252 .8437467 
 .0557432 .3378905 
 .1876105 .9802739 
 .4786829 .6344125 
 .4334718 .1966861 
 .3285300 .4682382 
 .3929922 .8319688 
 .2648974 .5851741 
 .9352713 .4440942 
 .8710191 .4486744 
 .4306570 .7954192 
 .4010359 .2030443 
 .8620356 .9079897 
 .4478767 .3750411 
 .2221089 .7044680 
 .5381859 .1297699 
 .5134476 .0264740 
 .5750666 .6263350 
 .2346554 .3303899 
 .5660305 .4042841 
 .4927072 .3081400 
 .4151089 .8242442 
 .7698454 .2116601 
 .6347575 .8735771 
 .0222378 .8567510 
 .2426256 .0561618 
 .5133234 .1642841 
 .1356207 .9778227 
 .0913060 .6213421 
 .8516311 .4162424 
 .1990071 .1063565 
 .4979427 .3647168 
 .6341623 .9526749 
 .0924352 .4385979 
 .0256486 .6937949 
 .6642515 .2450162 
 .4099685 .3477621 
 .9174300 .3912611 
 .6239980 .0024802 
 .4841534 .7332941 
 .1034316 .4399545 
 .8814405 .6690755 
 .9079430 .1053138 
 .0214479 .6249650 
 .3877216 .3428685 
 .9837232 .6682019 
 .0531542 .8809823 
 .8978979 .1426573 
 .2889074 .3822107 
 .0551034 .5444641 
 .1319239 .7545049 
 .3009751 .1420477 
 .1637992 .0503391 
 .5851503 .1522860 
 .5930398 .3079166 
 .1618055 .0993005 
 .9507446 .6941804 
 .9506915 .2305043 
 .8106939 .8127237 
 .2634467 .9092857 
 .0755791 .9979060 
 .4483789 .5458725 
 .3365808 .7240479 
 .6685365 .1057834 
 .4925907 .7475475 
 .3504206 .2246029 
 .2744974 .0396579 
 .8592546 .5719114 
 .8130127 .6655168 
 .3940022 .8968243 
 .3569122 .1653679 
 .3614513 .1410432 
 .3212155 .2787763 
 .6813259 .5483646 
 .8381270 .5415630 
 .3786965 .6955185 
 .9014249 .8351836 
 .9086023 .1187989 
 .2288128 .7738949 
 .0909149 .4524751 
 .4954495 .2083212 
 .1587364 .9042348 
 .1818553 .3744692 
 .7761755 .0831659 
 .6845581 .5318972 
 .1838548 .7178374 
 .4996028 .4581313 
 .7931106 .1441543 
 .3363018 .9805891 
 .1702282 .5306290 
 .2677670 .8517336 
 .7153473 .0058119 
 .9797341 .6649811 
 .4195491 .9596278 
 .5313792 .0625542 
 .5382386 .0455763 
 .6701361 .0340281 
 .1969309 .4899235 
 .7133668 .4153130 
 .8820890 .3304540 
 .5770121 .4792594 
 .1874003 .7118165 
 .1364646 .4055149 
 .4949748 .3452896 
 .3767775 .0107185 
 .5690629 .1236817 
 .5443374 .9301331 
 .1121661 .5303485 
 .7542139 .9254140 
 .6525260 .1957442 
 .4279432 .5449207 
 .8580638 .4737961 
 .9144268 .3148405 
 .3525700 .4094930 
 .2483227 .2609278 
 .8804706 .5616849 
 .9796947 .0589070 
 .4494657 .8819805 
 .3071602 .6310754 
 .7859218 .7200933 
 .4932554 .6293944 
 .6637424 .9537970 
 .0516118 .9909240 
 .6987076 .5910908 
 .9747322 .5768420 
 .0096146 .7640318 
 .0100591 .7060529 
 .3951248 .0662355 
 .5695578 .0005469 
 250 
 .7086856 .3550695 
 .3405980 .1417481 
 .9684031 .5583418 
 .3074105 .6021396 
 .1369494 .2445991 
 .1342314 .8089795 
 .8586555 .7242861 
 .3323349 .0989802 
 .8445194 .6717447 
 .1498888 .7539269 
 .8361099 .5586511 
 .6898720 .8244033 
 .6289201 .8687587 
 .5685547 .7465981 
 .6547861 .8600386 
 .8541846 .2676175 
 .9591809 .7292487 
 .6389403 .1873603 
 .5976853 .0289147 
 .1508151 .1068491 
 .7393823 .1384418 
 .7472933 .8884921 
 .0134703 .9878795 
 .5783739 .9651006 
 .4667053 .0005192 
 .4790930 .0011391 
 .1985159 .7222865 
 .2551093 .6686744 
 .2804459 .6425884 
 .6505374 .3463417 
 .6071197 .5211689 
 .8139672 .2143946 
 .2148608 .7943872 
 .0728826 .2720835 
 .3765654 .4554581 
 .5424060 .9522420 
 .1601149 .7373500 
 .9728539 .8965883 
 .5326411 .9625143 
 .9108869 .6658945 
 .6020121 .4861939 
 .5275006 .2113779 
 .9951187 .6130192 
 .3566172 .2844532 
 .1525924 .0107155 
 .8820265 .0058825 
 .6316072 .2183108 
 .7867800 .8844083 
 .2000869 .5250200 
 .3042816 .9386757 
 .1120993 .3932731 
 .2381392 .4416854 
 .6981283 .7659364 
 .7897580 .3186903 
 .1954379 .5219250 
 .4775670 .4693929 
 .1805211 .9519008 
 .4660896 .2730498 
 .3328327 .7798816 
 .0506948 .2276692 
 .5292808 .7581261 
 .5562101 .9664322 
 .1024665 .4498958 
 .3835467 .6178163 
 .8400580 .1634024 
 .4444808 .4001648 
 .9931338 .2237157 
 .0146701 .1736795 
 .9204711 .4184074 
 .5502571 .0575305 
 .4337649 .5155281 
 .8829335 .7390219 
 .5232752 .6549350 
 .2485160 .2750435 
 .7195896 .0192862 
 .8188204 .4704171 
 .3577024 .7999840 
 .9873265 .7077402 
 .6146046 .8242540 
 .9847004 .7309700 
 .2387154 .4781767 
 .0370986 .6198051 
 .9139155 .3601290 
 .9822198 .2409535 
 .4253209 .4805116 
 .9667033 .9701380 
 .1284261 .2751364 
 .6926045 .5272308 
 .2654964 .1469843 
 .9767136 .3757486 
 .7082589 .0575209 
 .6383305 .2641161 
 .7066924 .6551413 
 .6301714 .0241438 
 .8501945 .7928905 
 .7522684 .5241047 
 .0472730 .7261646 
 .3064410 .4691574 
 .9383238 .9069007 
 .9130662 .2576875 
 .4956703 .6546134 
 .8638687 .9829515 
 .0460139 .0747976 
 .4531940 .4972446 
 .6704292 .8374833 
 .5321204 .7501991 
 .6811944 .6863693 
 .0687239 .8307941 
 .1157292 .1227739 
 .9652295 .6787422 
 .0858772 .3368867 
 .1575822 .6171548 
 .2233727 .3172839 
 .6715403 .9642961 
 .9047294 .7716463 
 .5856607 .2148596 
 .6436393 .0878905 
 .6968901 .7850562 
 .9164247 .5437583 
 .2278347 .1729423 
 .3338081 .2600936 
 .4725287 .6153423 
 .7754047 .3518554 
 .3535895 .8824971 
 .8345581 .1621424 
 .1494318 .6356974 
 .3405889 .6064265 
 .0246126 .6136945 
 .1808644 .1825906 
 .5258178 .5801397 
 .1714777 .2305160 
 .1443686 .1637170 
 .0454111 .1036580 
 .8348377 .0995465 
 .1509978 .0325529 
 .6473256 .5168597 
 .2789501 .0423075 
 .1945606 .3334317 
 .9483491 .1961139 
 .5381608 .9688229 
 .9534407 .9754780 
 .4325366 .8706578 
 .1640135 .5134482 
 .0889295 .0930033 
 .3302119 .8454459 
 .2823718 .6429066 
 .5029972 .9466278 
 .4748361 .7273730 
 .8667940 .1358159 
 .6099100 .5330130 
 .2012806 .9322171 
 .4769038 .8363173 
 .4424728 .5781779 
 .3617691 .5935464 
 .1843587 .5523854 
 .6024943 .6525807 
 .4240285 .2939932 
 .3391372 .7593091 
 .0656592 .2774200 
 .0722869 .9302559 
 .0095225 .1958082 
 .6848910 .8006970 
 .0965329 .4416250 
 .5949810 .4405288 
 .4794075 .8664228 
 .1322530 .0031546 
 .5584178 .9466274 
 .6986426 .0176734 
 .5506372 .4041730 
 .5983632 .6712338 
 .8416821 .8931367 
 .6102732 .5135750 
 .9708622 .8670172 
 .6162934 .0440483 
 .5845609 .9242422 
 .2728330 .9448385 
 .8062026 .9676500 
 .3841924 .5721981 
 .7495048 .0203589 
 .0616090 .9173197 
 .5674945 .5663940 
 .8704043 .7445166 
 .3931663 .3179645 
 .1094737 .0887016 
 .3863153 .2781552 
 .4485586 .7662788 
 .1401563 .2313052 
 .8732363 .9805151 
 .8934959 .1542570 
 .9467880 .3787841 
 .9996075 .7382733 
 .6709450 .8767883 
 .2692379 .9195001 
 .7803844 .9735155 
 .1674911 .1486959 
 .3926553 .8472873 
 .1253573 .6393247 
 .9973626 .8923522 
 .8365351 .0053022 
 .4348348 .1090944 
 .4465828 .9614861 
 .6015534 .4185969 
 .7895028 .9746699 
 .1312313 .9910490 
 .7592454 .2211831 
 .4280091 .4518611 
 .6804938 .6674811 
 .5506889 .6913595 
 .0120989 .7181102 
 .1306550 .2231296 
 .4128367 .2844511 
 .5050502 .8194758 
 .3454192 .3684381 
 .5022820 .6446100 
 .9010492 .8163216 
 .9579418 .3890905 
 .9909373 .7042560 
 .3821287 .0022532 
 .7582484 .2333459 
 .7478941 .4799226 
 .9865632 .8375402 
 .8164569 .6871102 
 .0792980 .6817194 
 .6369049 .2117138 
 .2062706 .5252474 
 .9226846 .5249758 
 .4938866 .1614448 
 .1682107 .9746539 
 .3969113 .8666592 
 .0677917 .0020467 
 .0426400 .4921495 
 .6646864 .0362281 
 .4801404 .4336378 
 .5068739 .2976054 
 .1832711 .5804048 
 .9219519 .6952640 
 .3190367 .7789827 
 .5378753 .5230230 
 .3626832 .0841291 
 .7479171 .0797353 
 .4654085 .2876108 
 .5136846 .9296516 
 .0948444 .5266861 
 .4731566 .4856614 
 .0951835 .2298125 
 .7129396 .0864639 
 .3631596 .7453226 
 .9041588 .8302226 
 .4056863 .6453673 
 .1060378 .1415731 
 250 
 .4199707 .2656198 
 .9141525 .3429927 
 .1900128 .3318359 
 .4630088 .2700518 
 .6847252 .7756648 
 .9638685 .0449716 
 .1201183 .7298737 
 .0350597 .2737467 
 .4462556 .3306798 
 .3172519 .8658810 
 .4616416 .8929452 
 .2017621 .0370707 
 .4535204 .2508762 
 .5647947 .4259697 
 .5098937 .9983470 
 .0110035 .1560306 
 .2330652 .8823356 
 .2898173 .5593536 
 .9778464 .0009814 
 .4489843 .5460342 
 .1003645 .4727462 
 .3106807 .5816985 
 .8833615 .0508505 
 .5626969 .1972997 
 .3361158 .3708594 
 .9045705 .1058347 
 .1743085 .1897760 
 .2174787 .4849709 
 .8774601 .5905583 
 .7661482 .8846734 
 .3966243 .6123762 
 .3073898 .5543258 
 .1280115 .4874638 
 .1770209 .7115764 
 .1517749 .4208679 
 .6463184 .2897434 
 .1194830 .8780340 
 .9596394 .8341111 
 .9064855 .3227887 
 .5528778 .2393788 
 .2616044 .3881446 
 .2618882 .6379057 
 .9090107 .1152677 
 .3023107 .6057754 
 .2959308 .1501681 
 .0662889 .5330986 
 .5326251 .0690049 
 .1537760 .0259238 
 .8230512 .1746030 
 .5403940 .0266595 
 .3084170 .4696471 
 .5715485 .3525622 
 .9016069 .8043321 
 .9426039 .8896389 
 .2258789 .5937858 
 .5438173 .0117882 
 .7214429 .6166239 
 .7702980 .1291851 
 .5711901 .2913260 
 .5629258 .7503392 
 .2321141 .9700202 
 .1848246 .1509494 
 .6394964 .1155137 
 .8660529 .6991755 
 .8618814 .1002836 
 .4705526 .0482795 
 .0988967 .5864343 
 .9454901 .6682836 
 .0912332 .2516129 
 .3828424 .3803862 
 .6002520 .6933315 
 .1228262 .4508988 
 .6488784 .7863624 
 .7124522 .1024436 
 .4183401 .1356222 
 .1415079 .6536243 
 .4770607 .5485332 
 .2415487 .4863717 
 .4762847 .0720181 
 .2673986 .1822108 
 .3669512 .9633381 
 .4891514 .9218252 
 .0465924 .2916941 
 .2971185 .0010352 
 .2937821 .4371697 
 .2414916 .4126976 
 .7385416 .7409747 
 .1590996 .1476042 
 .9852916 .5793340 
 .8354278 .3852277 
 .0730676 .2335419 
 .4524505 .2216863 
 .1359546 .5989438 
 .5107126 .0995814 
 .0126999 .9416982 
 .3038784 .6819576 
 .9333816 .9373966 
 .8695629 .5075568 
 .2555109 .9107513 
 .3330757 .2713288 
 .1921743 .7788925 
 .5796419 .8248485 
 .9184419 .3581153 
 .3021298 .7554023 
 .3944309 .5384795 
 .9292184 .3870823 
 .4267791 .9132580 
 .1846769 .8967873 
 .3150035 .7591456 
 .6909233 .5346172 
 .9929589 .2241530 
 .9256712 .2012850 
 .6635125 .0565062 
 .9731807 .3218899 
 .0092864 .5004266 
 .0728023 .4602359 
 .3040328 .8316693 
 .3360474 .7728604 
 .9955590 .5829211 
 .7457446 .4766008 
 .1172700 .4298889 
 .4208500 .2048965 
 .4339924 .0239291 
 .0695841 .6006327 
 .4489527 .2546528 
 .6906656 .8192187 
 .8902526 .4318799 
 .2339194 .8142722 
 .3420726 .0538767 
 .6013484 .3068052 
 .2608046 .9787970 
 .7492940 .0916868 
 .3795103 .1769128 
 .6204607 .6444414 
 .8031920 .4883702 
 .2577701 .6266486 
 .9674919 .0581092 
 .9841223 .5563756 
 .7972732 .9170224 
 .4146122 .2557340 
 .2692254 .5146895 
 .9294499 .2928288 
 .2518393 .3098792 
 .8932048 .0196017 
 .7519761 .6537504 
 .3629135 .4273822 
 .0124515 .4580823 
 .4754838 .2928956 
 .4397415 .2652115 
 .5225930 .3010517 
 .9427378 .5034177 
 .4753189 .2765916 
 .4675969 .5345769 
 .1649749 .5416381 
 .5427967 .6307625 
 .4024388 .8848957 
 .4126868 .7414028 
 .1545843 .7627225 
 .4347619 .7583837 
 .8096493 .1720781 
 .1307431 .3163972 
 .0574055 .0974584 
 .5869878 .7806550 
 .6762489 .4329105 
 .4559196 .2121064 
 .4366989 .6480939 
 .9647211 .4372876 
 .4657035 .9736538 
 .1256364 .9991755 
 .0224787 .2329369 
 .4865336 .2777041 
 .1557983 .2888278 
 .6710340 .4322025 
 .7735725 .9882589 
 .7321913 .4587132 
 .0746401 .9922715 
 .7675456 .4362352 
 .0738405 .4334137 
 .7890475 .2581767 
 .2860419 .3392877 
 .6689994 .5469920 
 .9017865 .5332284 
 .9404506 .2068902 
 .5529738 .5399436 
 .8525710 .7949185 
 .7854517 .0925061 
 .5910624 .6354306 
 .5679262 .3018831 
 .8808108 .8552245 
 .7021358 .4932599 
 .8903935 .2022537 
 .1741809 .1542862 
 .7408786 .9930751 
 .8051491 .3360796 
 .9572624 .6138583 
 .7121485 .0928921 
 .5500235 .9151427 
 .9574524 .9728140 
 .4242982 .2673637 
 .4100807 .9492846 
 .5202540 .0957566 
 .5247007 .2185329 
 .2130053 .9403772 
 .8986285 .6259195 
 .4540471 .4779198 
 .7278610 .7065126 
 .0163228 .9225622 
 .4638668 .9516541 
 .7968557 .6564908 
 .0782306 .4007730 
 .9070107 .1278462 
 .5635686 .4008213 
 .4010751 .7328644 
 .0153413 .7064733 
 .8066050 .7457412 
 .4166639 .2821717 
 .6600395 .9875107 
 .8408872 .4192541 
 .2410899 .8847791 
 .1359761 .2422872 
 .5495235 .3487682 
 .3894722 .4303974 
 .8758397 .4305963 
 .9094853 .0413534 
 .3681303 .3433144 
 .5996314 .6554560 
 .7637911 .9857329 
 .1455238 .5474562 
 .5968549 .7957708 
 .2462317 .0797830 
 .0572113 .2777430 
 .2824651 .7588522 
 .3020165 .0019292 
 .5680186 .1151777 
 .1248359 .8167447 
 .1236238 .4019411 
 .8846614 .4321175 
 .3717293 .6376412 
 .5825533 .8530681 
 .0932417 .2659521 
 .7334413 .2282563 
 .4168492 .1270194 
 .6872220 .8301924 
 .7195886 .9236352 
 .4668832 .8401847 
 .4827449 .2550893 
 .8596120 .5476934 
 .9363660 .8505320 
 .9548667 .1038706 
 .4925645 .0694298 
 250 
 .7938665 .1434542 
 .4537552 .1936782 
 .1880369 .8961472 
 .4159493 .5961950 
 .6772891 .7739245 
 .4856100 .5538764 
 .3177840 .2076503 
 .3952609 .2356923 
 .4856656 .5157417 
 .5294476 .1339543 
 .8183273 .0576642 
 .6376809 .7504486 
 .1357367 .5315626 
 .6810514 .4687062 
 .7263479 .1316115 
 .0881981 .9462261 
 .4678449 .9374824 
 .1256514 .6904995 
 .2925212 .3539570 
 .7461546 .3222366 
 .5981821 .0789509 
 .9828079 .8978047 
 .1332061 .8163237 
 .7106772 .0175763 
 .1214763 .0666256 
 .5922772 .6821916 
 .0994534 .5626544 
 .6379775 .3066926 
 .9613551 .4431339 
 .6132974 .2326157 
 .5844028 .6902789 
 .2661620 .6974688 
 .3570356 .7462472 
 .9698859 .6740980 
 .8690448 .0577813 
 .0108453 .3612994 
 .5413943 .5035014 
 .7098981 .4111856 
 .3602284 .5975925 
 .3575206 .1753045 
 .1068757 .8378283 
 .2557527 .2348577 
 .2037036 .8132637 
 .8742961 .0826190 
 .8721071 .3832955 
 .3098845 .8148279 
 .7588921 .4984078 
 .1412598 .7774680 
 .2534916 .6045827 
 .8381436 .9374704 
 .8009873 .0463278 
 .7403961 .8975243 
 .7124576 .8833527 
 .0895134 .4628818 
 .0698911 .9263816 
 .6726297 .9568256 
 .7904508 .8792084 
 .5206797 .4628698 
 .9143987 .9851650 
 .1662310 .1783069 
 .5601585 .6924577 
 .7791355 .3649428 
 .2839529 .1876240 
 .8134720 .1857883 
 .0128651 .2504376 
 .5586651 .1656544 
 .1991921 .2452411 
 .3200796 .1910384 
 .9682414 .1086839 
 .1762073 .8899384 
 .0864242 .2854695 
 .8746874 .8623134 
 .5342783 .5027604 
 .1292513 .4613519 
 .9900645 .2986220 
 .2431445 .4865570 
 .9614807 .0060946 
 .6780785 .0114243 
 .6809823 .5554516 
 .1651974 .3382212 
 .9268447 .5436982 
 .6573163 .3945916 
 .0576059 .5206921 
 .4787133 .3434574 
 .8495457 .7811811 
 .2564298 .2884769 
 .9905438 .9948589 
 .6192749 .1792008 
 .7816738 .0529998 
 .4189298 .7475598 
 .8903847 .2986409 
 .7406273 .8724571 
 .7337564 .0134115 
 .7952356 .4415560 
 .7822455 .2712455 
 .6741192 .7658808 
 .9862163 .0881370 
 .8442827 .0481141 
 .5495433 .6860913 
 .2929319 .3915141 
 .0043184 .5742666 
 .7141279 .3827134 
 .2633727 .3942717 
 .5695503 .3453388 
 .0155656 .8804741 
 .9419535 .8369303 
 .1427775 .0882465 
 .7125829 .6810728 
 .1249098 .9191364 
 .7990351 .5595222 
 .6951095 .0352495 
 .2416965 .6424261 
 .0345504 .0564856 
 .2663884 .5530574 
 .9645767 .4619283 
 .7070853 .7288107 
 .0014986 .2964535 
 .1619712 .4721020 
 .5709866 .4787688 
 .9825525 .1402811 
 .6074937 .5183986 
 .8504686 .3972565 
 .3495980 .5148838 
 .6589378 .5732627 
 .2322616 .6084374 
 .2518503 .2226142 
 .9069012 .1907782 
 .0372801 .1394077 
 .8125127 .2186331 
 .5250408 .5324972 
 .2860508 .3887348 
 .5687604 .8556972 
 .5354839 .6578253 
 .8382023 .9566039 
 .1895846 .9874957 
 .3111295 .7046929 
 .5572342 .0624170 
 .0472859 .9809875 
 .8359655 .3099440 
 .0689765 .6896189 
 .6523097 .5149645 
 .8896624 .0555613 
 .5303912 .7895251 
 .3578538 .6097390 
 .8928015 .1729493 
 .4597998 .5771119 
 .4092224 .6931744 
 .1799291 .4572740 
 .0212236 .7396404 
 .2691127 .9400803 
 .5712857 .9455522 
 .8214927 .3878852 
 .1230476 .7534874 
 .1022629 .3356530 
 .9382152 .1814162 
 .4803014 .1425321 
 .5211341 .1920167 
 .1673482 .3429865 
 .6899018 .1099954 
 .5034008 .5992934 
 .5057086 .7807331 
 .6975720 .5946702 
 .0000246 .1072560 
 .3637206 .8095201 
 .5799362 .1670613 
 .1971432 .9118116 
 .0505489 .6589877 
 .2263950 .4234740 
 .3425537 .7638926 
 .9343104 .2924134 
 .9329758 .8596637 
 .0534177 .8363828 
 .9454274 .5868338 
 .0695937 .9999883 
 .0480404 .6290628 
 .6678951 .6866257 
 .2553062 .8037854 
 .9674304 .7376429 
 .9944570 .6406724 
 .0468188 .5135459 
 .4154521 .9850093 
 .7746095 .5061406 
 .6912198 .1629215 
 .3339350 .4331647 
 .4442300 .1863763 
 .2590245 .2327344 
 .6068714 .0963252 
 .6619435 .6158558 
 .8241499 .0180136 
 .1874321 .6208458 
 .4730584 .4466532 
 .8459169 .1508188 
 .7262580 .7451076 
 .1810584 .9089406 
 .7386001 .3062649 
 .3574846 .5579711 
 .5811817 .2371443 
 .0230528 .3402409 
 .2742012 .1227875 
 .7119853 .7586607 
 .1495358 .2264036 
 .8019432 .1331870 
 .4668487 .6163414 
 .4984447 .7423814 
 .0608101 .8560538 
 .0604065 .6058506 
 .8468341 .1635513 
 .7548947 .4674555 
 .9812564 .8927249 
 .2788193 .8457757 
 .7692548 .7986115 
 .2392039 .7094278 
 .1377078 .2479685 
 .5582154 .9300107 
 .4257490 .1887048 
 .3682467 .6216982 
 .8656615 .5975466 
 .2774286 .1883720 
 .5911291 .0231062 
 .1958950 .6987005 
 .1663697 .9070190 
 .7843584 .3662624 
 .0134811 .2123339 
 .7729711 .6327152 
 .9490833 .5666344 
 .8414504 .7816499 
 .2352073 .1257409 
 .5799594 .2311882 
 .7010037 .6080569 
 .5806412 .6840916 
 .8863931 .8029721 
 .4459264 .1122051 
 .7689024 .1199956 
 .1331734 .0119701 
 .1207860 .6567430 
 .4647606 .3215548 
 .2527743 .4993328 
 .8848408 .6073902 
 .8685821 .6414273 
 .8924940 .3155951 
 .7032971 .5688783 
 .4673827 .6864665 
 .9591188 .1939719 
 .8571284 .9299176 
 .3812758 .8624108 
 .1319015 .9760116 
 .9204833 .4606889 
 .9350420 .0045851 
 .7786579 .5221945 
 .0603328 .4159164 
 250 
 .3919469 .4055065 
 .2457106 .2625027 
 .4171081 .2736944 
 .4561557 .6897982 
 .5890468 .3522899 
 .6891329 .8382578 
 .6315439 .8367422 
 .9156850 .0847677 
 .1400398 .3458763 
 .2980055 .5305524 
 .1124315 .9019380 
 .6164453 .2944538 
 .8663603 .4234995 
 .3993503 .4021271 
 .4220550 .4456015 
 .2692816 .7677007 
 .7086203 .4703085 
 .3779517 .7768594 
 .5163746 .6761211 
 .5660181 .0686371 
 .0035957 .7897198 
 .3066200 .9845019 
 .4954945 .2990786 
 .0146334 .4520968 
 .6965500 .8513688 
 .5559494 .3793031 
 .3721716 .0580571 
 .5890751 .4716505 
 .8271515 .8864637 
 .7189005 .2095390 
 .5891983 .6525750 
 .5309955 .9257917 
 .7561483 .0823696 
 .7831881 .8407626 
 .3329017 .1541151 
 .9258432 .8111000 
 .1038685 .0852873 
 .4571166 .6363597 
 .3814053 .9357545 
 .3359053 .1894856 
 .2505229 .3519202 
 .9021561 .4747820 
 .2927085 .9004268 
 .8080475 .9899009 
 .5021919 .5980522 
 .8482136 .4336074 
 .1790430 .4373843 
 .9840587 .7531873 
 .6552833 .1739954 
 .1652067 .5963624 
 .1303720 .0559553 
 .8266602 .1920035 
 .6961569 .6538931 
 .4372043 .2388181 
 .5413053 .0402253 
 .6343992 .1760666 
 .7515155 .2578963 
 .9330558 .8272562 
 .1621090 .7378005 
 .5537986 .3662154 
 .1590700 .9332658 
 .5900858 .3119815 
 .6358947 .2403454 
 .7072949 .2090891 
 .6568905 .0024782 
 .2250867 .1251376 
 .6004781 .2331147 
 .3406498 .3674936 
 .1937638 .2434499 
 .1595008 .0926657 
 .1248074 .6852328 
 .0536786 .8998104 
 .7417829 .0990221 
 .7933357 .1460258 
 .3162617 .8220060 
 .2132946 .6150835 
 .7462987 .4198815 
 .3850170 .2700821 
 .3765328 .4650817 
 .0580249 .0187023 
 .4772746 .7271229 
 .3920350 .5493351 
 .2002029 .3458019 
 .7883078 .1268771 
 .5499863 .4376911 
 .1999016 .4754643 
 .8015450 .3916283 
 .0970416 .1663881 
 .2619178 .8279705 
 .9145871 .8549265 
 .4214700 .2550497 
 .1300078 .7893681 
 .1466113 .7178219 
 .1162647 .7061363 
 .1079599 .4989096 
 .7759478 .9211606 
 .2741328 .9393986 
 .0698458 .4615363 
 .8797249 .8716283 
 .4712327 .7225773 
 .3317241 .6121026 
 .8604462 .5906457 
 .2742336 .0003211 
 .3642154 .3861585 
 .3971156 .0770759 
 .2695785 .4359575 
 .1476699 .5993462 
 .7195164 .5993234 
 .5708822 .0516507 
 .9305229 .6043360 
 .0357760 .9363493 
 .8526483 .4955759 
 .2631308 .1462151 
 .3989858 .6823468 
 .2009482 .8174005 
 .6705393 .7782152 
 .9337128 .3429809 
 .2478089 .3447333 
 .6823571 .7473516 
 .0536750 .4392802 
 .4640634 .3681737 
 .1421523 .1010348 
 .2322726 .1910729 
 .8507309 .1097387 
 .0926731 .0961929 
 .0742256 .9761227 
 .9631770 .0057609 
 .1667282 .5652130 
 .9751059 .2063239 
 .5343040 .3462123 
 .8466581 .1340366 
 .9108963 .2748156 
 .9333826 .2696154 
 .3674154 .9526888 
 .8964794 .5420893 
 .2305882 .1189492 
 .8384551 .2755635 
 .4127477 .7918688 
 .9346325 .1566494 
 .4927443 .5152070 
 .3234034 .3152794 
 .7454754 .1295963 
 .2805791 .1991047 
 .8845635 .1797896 
 .1538937 .7198452 
 .4383667 .3153585 
 .5203012 .8346086 
 .4901898 .6151381 
 .5863415 .4095964 
 .2331838 .3713839 
 .7031813 .4485567 
 .8603846 .1527612 
 .4231311 .5420984 
 .3595482 .5079673 
 .8811399 .1323418 
 .6273075 .9935185 
 .2281467 .7536176 
 .9615974 .7670493 
 .8458675 .1048269 
 .6266860 .1759012 
 .2947802 .3709184 
 .1904175 .9218574 
 .2363910 .8155092 
 .2748108 .7661333 
 .4624837 .9272473 
 .9928909 .5611969 
 .8806214 .3698768 
 .6079502 .8021987 
 .7568426 .1483985 
 .9752538 .9627635 
 .3009386 .6869925 
 .4269304 .6371793 
 .0820513 .2817865 
 .4423179 .9106264 
 .7552711 .4438708 
 .3997904 .3155704 
 .8235794 .2234792 
 .8109624 .0378167 
 .0015374 .3807443 
 .7605692 .4795234 
 .2227231 .3551823 
 .0691634 .5757346 
 .1647229 .9358469 
 .4024462 .0402435 
 .7636416 .3351903 
 .7994788 .5678690 
 .6522690 .4478747 
 .6986070 .4630546 
 .5673862 .2943564 
 .5085680 .6561079 
 .0048606 .3088122 
 .2943660 .0029224 
 .9163349 .9701606 
 .6019794 .4736961 
 .8861029 .4693490 
 .3992310 .5905088 
 .5363515 .2689894 
 .3160942 .4796785 
 .1059854 .5936365 
 .7677539 .3071137 
 .1428951 .5787701 
 .2667738 .7454513 
 .6394355 .9296715 
 .5931662 .5001376 
 .0112119 .8611347 
 .9969127 .7548198 
 .0426732 .6061202 
 .9479533 .5789841 
 .9596473 .1343195 
 .0027537 .7047470 
 .4864823 .5859306 
 .1906817 .3945990 
 .1390223 .4150376 
 .1914832 .0947571 
 .8169210 .9016107 
 .9185439 .8441265 
 .3999254 .5195929 
 .5702736 .5687375 
 .6203995 .0665809 
 .5802473 .9554430 
 .7636767 .3315351 
 .1896037 .0236672 
 .2114614 .7015429 
 .7740264 .1946096 
 .6516264 .2251876 
 .9613378 .9255788 
 .7780081 .4343352 
 .5407148 .1025684 
 .0313585 .2914096 
 .9447042 .5738422 
 .6101160 .0262784 
 .6219702 .6056852 
 .5172741 .8439866 
 .0409694 .7306413 
 .4049973 .4475448 
 .6889009 .4580252 
 .7169369 .3920737 
 .7602593 .5832938 
 .0820670 .2686183 
 .9564992 .2615293 
 .7434682 .8461485 
 .8216359 .4328483 
 .3584809 .2544394 
 .3844442 .3735376 
 .8181865 .1819596 
 .8201955 .8031707 
 .5269175 .4423655 
 .8249898 .7493913 
 .2665922 .1189905 
 .0426064 .8405168 
 250 
 .4437825 .2546041 
 .0138139 .3811226 
 .9647034 .5769885 
 .7351671 .9243663 
 .6774201 .3403099 
 .2098577 .4815254 
 .4216572 .7561384 
 .7261148 .3360759 
 .0823243 .8620677 
 .5753427 .9261795 
 .1883943 .6434955 
 .2765764 .6326910 
 .7567447 .8360133 
 .0473069 .7042822 
 .1611544 .5803194 
 .3822061 .0490359 
 .4074940 .9043774 
 .4871607 .2424252 
 .6024122 .2319845 
 .4702133 .8019832 
 .5871634 .5637675 
 .3049167 .4537312 
 .3307934 .8841728 
 .5341379 .5965858 
 .0853657 .3920345 
 .5399049 .2280500 
 .5354149 .4460873 
 .2213885 .9345353 
 .9470258 .2111016 
 .5399421 .8171934 
 .0489992 .8734525 
 .2362141 .0011913 
 .1571489 .3926663 
 .9160784 .1824690 
 .6680204 .9311042 
 .6434363 .9582090 
 .9729008 .6582130 
 .3602015 .8600559 
 .2370447 .2969979 
 .2559256 .3945713 
 .2002413 .7443106 
 .1979356 .2630445 
 .7183348 .9664987 
 .2614615 .4896155 
 .4037590 .1986970 
 .2094273 .5772456 
 .3466930 .7478469 
 .5922720 .1174246 
 .1047600 .3421843 
 .2857674 .5211541 
 .2234271 .3467225 
 .2632052 .6727339 
 .4640716 .0759508 
 .8989548 .2287349 
 .3322238 .1198666 
 .0021404 .8242854 
 .7624263 .7333158 
 .1484624 .3769788 
 .9636270 .0347456 
 .9689049 .7023456 
 .1826995 .5696259 
 .3076241 .4184572 
 .9137202 .7042768 
 .2066155 .2028791 
 .9646788 .7534116 
 .3282173 .3923882 
 .5765192 .5726666 
 .6920238 .1416571 
 .9444496 .8665042 
 .6717689 .2760041 
 .1784902 .4104405 
 .4490967 .9173563 
 .8068903 .9403357 
 .1212742 .2012950 
 .9075102 .2337781 
 .1627239 .1434879 
 .0711709 .9501733 
 .8871692 .1004818 
 .5674975 .5952975 
 .0770964 .3847777 
 .8955630 .4585744 
 .3565570 .4568557 
 .6438425 .9004617 
 .6859590 .6843969 
 .2292673 .7438755 
 .2448418 .8259000 
 .2936778 .9858156 
 .8195955 .9942273 
 .6553774 .2690633 
 .6940840 .6548926 
 .7789313 .6522887 
 .2060607 .9211248 
 .4605014 .7409055 
 .0225429 .6674698 
 .2390140 .1788338 
 .4318301 .3779260 
 .0329696 .2787496 
 .3650307 .6929105 
 .4538976 .0487005 
 .4496949 .7787243 
 .6329643 .3569320 
 .3538597 .3081841 
 .3772468 .2026741 
 .3793850 .3437232 
 .8943120 .2042667 
 .2753174 .0240847 
 .7231745 .0906442 
 .3190608 .8797557 
 .1090859 .2386185 
 .7967638 .9850565 
 .7690952 .6248944 
 .2334685 .0783400 
 .4125726 .8840942 
 .3945984 .2655950 
 .7910603 .8455385 
 .7072110 .9239221 
 .4275620 .7629169 
 .0235035 .8343933 
 .1768609 .6905605 
 .4492447 .2307396 
 .7433282 .7735803 
 .3525251 .1206791 
 .2660942 .7199440 
 .9073640 .6275183 
 .7960719 .9614113 
 .0537081 .8554739 
 .3452934 .9754101 
 .1990967 .4849992 
 .2840054 .3571996 
 .1641612 .4737837 
 .9801284 .3643144 
 .7880866 .3320697 
 .1916622 .1040847 
 .4525808 .8520143 
 .9955893 .0382834 
 .9326963 .2320592 
 .8144258 .2124226 
 .0064215 .5181841 
 .9189737 .1942023 
 .9062207 .3915356 
 .8656716 .1768844 
 .9160540 .7107884 
 .5794017 .5571984 
 .3357562 .9497245 
 .8153291 .4595715 
 .9674124 .7754515 
 .8114916 .5122950 
 .7294288 .4474517 
 .0500715 .4874622 
 .6647827 .3767835 
 .8397340 .4334413 
 .3593380 .9002920 
 .2617503 .3320375 
 .6905473 .8661396 
 .9240085 .2156558 
 .1402334 .7013874 
 .6620979 .6334625 
 .0688508 .8842627 
 .2255939 .3480519 
 .9915921 .7551810 
 .1881250 .6012340 
 .8353125 .8910676 
 .6069281 .0725451 
 .3934265 .2940922 
 .8040496 .0677343 
 .9250654 .8031117 
 .2072819 .2550743 
 .4438045 .7559403 
 .3219983 .5906617 
 .2765582 .2825735 
 .1404149 .5531966 
 .6987223 .9007070 
 .8551265 .4948429 
 .8087135 .4598432 
 .5391895 .2959523 
 .4226252 .0210063 
 .0832124 .5134594 
 .9641904 .9851135 
 .4260255 .1989232 
 .6005294 .6514142 
 .9521845 .3332544 
 .9216574 .2926343 
 .5169822 .6194404 
 .1603525 .6075898 
 .2454475 .8678166 
 .3651375 .8245821 
 .0711628 .5139292 
 .3267172 .4869030 
 .6562817 .4775693 
 .8586420 .6997727 
 .2760425 .5914092 
 .8751500 .9380629 
 .5569914 .6246224 
 .4094683 .9257273 
 .4132261 .3642009 
 .2782513 .0580235 
 .6018902 .5951804 
 .7136911 .7408855 
 .1780478 .8789169 
 .3330698 .2002245 
 .6176123 .9417252 
 .8625343 .0370370 
 .0303348 .8678537 
 .8315731 .2790058 
 .9256486 .1917291 
 .9484655 .0503270 
 .3325571 .8929243 
 .1837570 .3308164 
 .3084106 .1391798 
 .0450130 .6224714 
 .2854983 .7613086 
 .6255988 .6436181 
 .2715317 .6797354 
 .4444597 .3220986 
 .3004835 .0740268 
 .7417112 .1916675 
 .0715237 .6698543 
 .8227265 .5794154 
 .4511092 .2256734 
 .5052119 .4136395 
 .1693094 .6847774 
 .1609116 .7256779 
 .0263263 .5055796 
 .8849799 .5478387 
 .3365600 .8197749 
 .7881108 .4422269 
 .9606326 .1577052 
 .2931255 .7890223 
 .5831736 .8235936 
 .8202992 .6121305 
 .0460373 .3385899 
 .7431578 .4571461 
 .3906351 .8725810 
 .5552094 .9307565 
 .3343686 .8697269 
 .5619884 .1691184 
 .4274046 .1884851 
 .0433011 .8698801 
 .0173975 .5127520 
 .8465684 .6804352 
 .9888886 .4724671 
 .0900688 .7032116 
 .3261619 .2028738 
 .5786102 .6143458 
 .8459543 .7723907 
 .3550947 .2895118 
 .6197780 .2579996 
 .4085020 .7219825 
 .0023521 .9199855 
 .9984080 .1727426 
 250 
 .8379331 .0380461 
 .5921812 .6176687 
 .0528200 .0690117 
 .4848669 .2969836 
 .8701613 .8609515 
 .4123854 .1093987 
 .4000475 .1350862 
 .6924397 .2471237 
 .1489080 .1889409 
 .6383607 .2952679 
 .5300848 .0823598 
 .3804131 .4146213 
 .9022970 .1806239 
 .1757580 .5224092 
 .8621879 .0217673 
 .3587157 .8509051 
 .0064188 .6615390 
 .0311096 .1057752 
 .3804980 .9801041 
 .3596987 .8092710 
 .2558669 .3977858 
 .0629298 .3798865 
 .3213573 .9687122 
 .6488732 .0894104 
 .1251523 .2644225 
 .7141427 .2074470 
 .6314729 .6250922 
 .8212591 .2869859 
 .7225358 .4823320 
 .0181960 .4945092 
 .7285437 .2202877 
 .0151570 .9139553 
 .6417212 .5542968 
 .6438743 .5626530 
 .2873741 .2194196 
 .9353118 .0936199 
 .7957612 .8630484 
 .5914834 .4044236 
 .3409010 .8522793 
 .6125909 .1476614 
 .0714316 .1010934 
 .3757335 .8990541 
 .9269721 .2954232 
 .7374574 .8807057 
 .7712381 .7841454 
 .1283029 .9912816 
 .8281139 .0867366 
 .6896759 .7312409 
 .3141237 .0570270 
 .0257237 .6368443 
 .6429384 .2879740 
 .0468422 .1959901 
 .5448537 .8329331 
 .7958841 .9940309 
 .4942419 .6803061 
 .3894873 .0481274 
 .2559591 .0139830 
 .7791005 .8914327 
 .1202560 .9224426 
 .6306597 .8580033 
 .1550267 .1230147 
 .1173666 .0278321 
 .9119163 .1204245 
 .8830487 .1883268 
 .5140308 .1336106 
 .1180451 .6609398 
 .6504222 .6527151 
 .0368651 .5740358 
 .1163062 .6173724 
 .6859226 .7174777 
 .2657661 .3637493 
 .7568551 .0103640 
 .8706701 .5344949 
 .9402051 .3078826 
 .8783166 .3836308 
 .5169763 .1608988 
 .5911058 .0757205 
 .7306864 .5546883 
 .7019474 .8511994 
 .5764224 .8607011 
 .9443265 .9207852 
 .7399811 .4444255 
 .0786098 .7122208 
 .4608399 .7278431 
 .4464471 .1105016 
 .2063655 .0886600 
 .9806508 .5339837 
 .5477362 .8099998 
 .6438934 .4366523 
 .0244312 .3305691 
 .7585891 .9221191 
 .7652329 .1810100 
 .2425881 .8359000 
 .0784079 .0592401 
 .7284629 .6449891 
 .1984774 .2656062 
 .9533579 .7309521 
 .1356706 .8946546 
 .3842743 .9655225 
 .5581793 .4087923 
 .2004115 .5942478 
 .4756022 .0821032 
 .5874563 .9499066 
 .0008968 .8196301 
 .5936465 .2164680 
 .6516393 .4855572 
 .0267003 .6670757 
 .7008526 .5074766 
 .1944473 .2441985 
 .3819829 .4953054 
 .5578827 .2124678 
 .8582160 .1919951 
 .1085436 .5081094 
 .5371151 .4659439 
 .7252399 .3840531 
 .4889434 .4065451 
 .8184057 .4950434 
 .5399180 .9765900 
 .8313445 .6081674 
 .3764283 .1278355 
 .9215572 .0244395 
 .2168448 .7559709 
 .3648431 .3572165 
 .9753627 .2530102 
 .5700946 .7715454 
 .2362540 .5408202 
 .4113210 .8208483 
 .8433751 .1086121 
 .9106068 .7369091 
 .7426700 .4367955 
 .8640678 .9867203 
 .3361596 .9141569 
 .2025966 .0936653 
 .6433910 .5269135 
 .8179213 .5565217 
 .8369727 .7363256 
 .0474088 .0511693 
 .2265220 .5232772 
 .4707753 .2674409 
 .7015263 .9580694 
 .2885812 .4555560 
 .3871655 .1836540 
 .1737422 .2087992 
 .3844645 .6501991 
 .6484339 .8048402 
 .7111605 .0152436 
 .9623682 .6181050 
 .8737663 .4713143 
 .0446265 .1881986 
 .0134147 .4637552 
 .9677043 .4103112 
 .5945735 .8352073 
 .7843118 .3661096 
 .6505324 .3366954 
 .5474435 .3385920 
 .3540996 .0731592 
 .4624257 .7900573 
 .0250972 .6355508 
 .7937407 .2044864 
 .6844301 .1818263 
 .3945581 .8175362 
 .1716232 .2723262 
 .2657367 .9297845 
 .1001825 .4856971 
 .7937532 .7101254 
 .1618457 .3216874 
 .3612158 .5720679 
 .3231508 .1563786 
 .6544989 .2094331 
 .2896791 .5107313 
 .6832324 .5103432 
 .4362134 .0192561 
 .4360658 .5677401 
 .5938254 .5741937 
 .0739462 .0467405 
 .2139417 .4413489 
 .1412672 .8672073 
 .2486720 .9036816 
 .6793155 .5647806 
 .5375026 .3324658 
 .2656137 .2935390 
 .7017758 .5953019 
 .4747006 .1542440 
 .8366025 .4050467 
 .3457466 .7370275 
 .1588848 .5508363 
 .1228385 .2572081 
 .9113798 .8263577 
 .4649357 .6759348 
 .1151071 .7133961 
 .8520539 .4093485 
 .2723062 .2599875 
 .0773377 .7541987 
 .1034896 .8192703 
 .2339803 .5451328 
 .2963147 .0318738 
 .8916148 .7974822 
 .6799298 .2234624 
 .3064686 .6050657 
 .0325291 .7693721 
 .3084209 .2186158 
 .8859960 .4071914 
 .4287697 .3276769 
 .4011246 .3501578 
 .0351681 .8455128 
 .0288903 .7014164 
 .5724804 .1284712 
 .8140058 .3610346 
 .0053927 .1616727 
 .5904434 .5612214 
 .4431517 .8625970 
 .9061460 .5050050 
 .6089470 .7814119 
 .4246879 .4016824 
 .8938625 .0375136 
 .1015851 .5082370 
 .4931481 .6890014 
 .1262116 .5566170 
 .5334685 .6864766 
 .1482434 .0668456 
 .8239216 .3529134 
 .5491490 .3473993 
 .2486430 .6331847 
 .5408610 .2366852 
 .8998857 .2834164 
 .9293268 .5498047 
 .5502318 .2724681 
 .9115314 .4076355 
 .3912249 .9337872 
 .9097328 .7226287 
 .2208509 .2614263 
 .0024540 .6171387 
 .2291106 .0524386 
 .9921361 .9126062 
 .6820617 .6599574 
 .7456842 .4460312 
 .3003324 .6752943 
 .5353431 .1759402 
 .8158658 .0791478 
 .2598185 .1029934 
 .6057085 .9047747 
 .3932258 .1575269 
 .6666656 .2905287 
 .2337083 .5422217 
 .4197510 .4537840 
 .6333226 .6447485 
 .5162458 .5187306 
 .2024493 .5722081 
 .2429682 .6401269 
 .4994594 .5634848 
 250 
 .2657341 .2846026 
 .6310535 .9017950 
 .9670921 .0988089 
 .8795032 .3097767 
 .8749094 .1853936 
 .5063647 .9329531 
 .6774251 .9367073 
 .0120096 .6113536 
 .8006274 .3931223 
 .2979356 .8480119 
 .8954060 .3861331 
 .0131881 .2890230 
 .9425454 .9217954 
 .6837396 .1523536 
 .8184035 .2208321 
 .0282594 .3386951 
 .5457277 .8586651 
 .3467486 .3218628 
 .2426493 .2800069 
 .4089407 .6806030 
 .8261266 .7742470 
 .4335635 .5677042 
 .3591297 .4029718 
 .2914472 .7230560 
 .7763328 .4203512 
 .9264383 .9692839 
 .4911632 .9090848 
 .2970552 .5638450 
 .6754020 .5949117 
 .2151997 .3395293 
 .0962933 .4646305 
 .7999313 .2032047 
 .2679655 .6969277 
 .5657146 .1749051 
 .9840367 .7603610 
 .3045831 .5680113 
 .3942424 .0143661 
 .9667193 .9058635 
 .7049304 .8804311 
 .9479484 .4476822 
 .0439746 .1824002 
 .9969766 .4017074 
 .4452283 .5754973 
 .9887925 .6180221 
 .3737147 .5188968 
 .8898859 .2971287 
 .5155041 .8597798 
 .3697412 .4800417 
 .1683008 .0885892 
 .8828255 .1959625 
 .6503239 .4339185 
 .0349331 .4665563 
 .5437595 .3669097 
 .2236653 .1709809 
 .8400574 .3924862 
 .6589302 .2701543 
 .3802849 .2689845 
 .8670404 .2168312 
 .2948036 .5070508 
 .7901835 .6219042 
 .0403472 .0788240 
 .9281365 .4265034 
 .3943131 .0827135 
 .1350048 .9009528 
 .3683909 .4582745 
 .3718919 .6499950 
 .1066938 .9680772 
 .8056545 .2809465 
 .7849882 .2348290 
 .2006767 .2571204 
 .3625964 .7556334 
 .8288081 .4199901 
 .4797211 .0619231 
 .5636686 .3646954 
 .2504783 .5415861 
 .0583245 .8766368 
 .2734705 .3148766 
 .7462978 .5016064 
 .6524542 .8211616 
 .8588912 .4851880 
 .6621965 .7301712 
 .9082921 .1735571 
 .0691452 .1774869 
 .5247815 .8493590 
 .8707021 .3152849 
 .7240082 .1525661 
 .8858472 .3791476 
 .3706118 .9141493 
 .4362781 .9508370 
 .7388935 .5545689 
 .2112427 .3335688 
 .7786466 .2515387 
 .9085308 .8763282 
 .2910743 .8817607 
 .6737889 .0503955 
 .2098514 .2464099 
 .6931052 .8952897 
 .2572294 .1945977 
 .1898199 .3510762 
 .2835540 .7948801 
 .8834182 .6551893 
 .6670579 .4416535 
 .7213070 .5178892 
 .5032270 .4280057 
 .1159239 .7519725 
 .3908098 .7138115 
 .4201279 .4076780 
 .0535633 .9496053 
 .0508420 .6786465 
 .6395042 .8025530 
 .3096021 .7625979 
 .3166721 .7277277 
 .0216814 .7818491 
 .9276140 .9303845 
 .7829547 .5322032 
 .3528775 .7050709 
 .7133019 .4098731 
 .4331547 .8847252 
 .7022786 .9782371 
 .5642613 .9944435 
 .4196620 .3301493 
 .3502696 .0248614 
 .7604706 .1655200 
 .1067434 .6011361 
 .4988039 .2637229 
 .8645605 .7448523 
 .0225229 .1493585 
 .3391546 .3648562 
 .0840391 .0287881 
 .7915694 .9635542 
 .1914584 .7519322 
 .6954080 .6396577 
 .9266980 .3048772 
 .7039717 .0762122 
 .1481040 .2771464 
 .8385354 .5310793 
 .4372174 .4238339 
 .5332009 .5403475 
 .6928027 .8454677 
 .8030076 .6854876 
 .5577447 .8632275 
 .1663761 .8819531 
 .1710709 .2372933 
 .0544181 .6774002 
 .0408421 .2624006 
 .4695644 .3962871 
 .7941146 .2154352 
 .9932620 .9663470 
 .0252850 .8008704 
 .4535643 .1808397 
 .9690229 .2543308 
 .4021995 .1956086 
 .4913484 .6733379 
 .9585527 .3763265 
 .8323659 .4356236 
 .6838517 .2809518 
 .2443886 .1650879 
 .2690946 .6048443 
 .4348267 .9767904 
 .4588290 .2882638 
 .5169274 .4760964 
 .4811703 .5826069 
 .6534080 .4415181 
 .1913512 .5247666 
 .0958562 .9616904 
 .2280332 .7479587 
 .9116558 .1375702 
 .9824742 .5692774 
 .0727828 .8521408 
 .5318639 .4836453 
 .1672512 .5399097 
 .5185938 .1427586 
 .8819492 .7830942 
 .0833457 .1256026 
 .3802278 .7838800 
 .3855541 .7711843 
 .2315541 .6132871 
 .1614422 .4388057 
 .8039773 .3552720 
 .5563432 .1185305 
 .8507245 .0255119 
 .6908126 .6040014 
 .9451127 .0611435 
 .8330172 .6684790 
 .6657799 .3013389 
 .5944576 .9974285 
 .9171639 .1972805 
 .3711468 .1092038 
 .0858464 .4296282 
 .6343462 .1589111 
 .1669898 .5352290 
 .1377393 .3263914 
 .5192780 .3533968 
 .3429263 .3319934 
 .1816918 .3338497 
 .2512456 .3354297 
 .0587529 .6791376 
 .4335829 .8230626 
 .7877261 .0373861 
 .6249141 .7844759 
 .4643165 .5672179 
 .2382608 .1646903 
 .0328131 .6540624 
 .1824156 .8359021 
 .1400500 .7915180 
 .2556251 .6817028 
 .3951521 .0162619 
 .1373139 .2843917 
 .7414501 .1009977 
 .8032912 .5467731 
 .1933538 .2053670 
 .4256163 .6957472 
 .3670098 .0354158 
 .0528095 .7756057 
 .5744099 .3813727 
 .3532945 .1512460 
 .9788987 .2419518 
 .3862484 .8500722 
 .3359261 .0894172 
 .8683201 .8581653 
 .7640469 .1090175 
 .0483746 .7709294 
 .0927488 .8224054 
 .5894186 .4378776 
 .5883408 .1780710 
 .4785855 .3300402 
 .9270257 .2009291 
 .8213988 .1286991 
 .5130489 .3137822 
 .4919051 .2552939 
 .6646425 .5887244 
 .2595737 .4414545 
 .5339987 .0074255 
 .6385125 .6197053 
 .2998884 .2939313 
 .9334421 .9815047 
 .2704343 .4579110 
 .6064252 .5194544 
 .8441046 .7134584 
 .1624595 .2017614 
 .2718891 .2193926 
 .4421187 .5139080 
 .0029822 .8597820 
 .8943817 .7769991 
 .9278150 .2239269 
 .6490184 .6839458 
 .5910753 .6665421 
 .7693187 .0905508 
 .6561155 .8821835 
 .8839573 .4031971 
 250 
 .4710082 .3013294 
 .6002981 .0002595 
 .1131369 .7347423 
 .0068469 .0300721 
 .0587559 .4210879 
 .6837872 .6013348 
 .6090761 .7710437 
 .6489689 .7167568 
 .0652874 .8875888 
 .4512836 .1295498 
 .7291739 .0525864 
 .2504469 .3946172 
 .1487659 .9174633 
 .4457390 .4489899 
 .3524625 .6715028 
 .6776175 .7337444 
 .5304061 .9733132 
 .4542367 .7443493 
 .8262504 .3451699 
 .0661742 .4876509 
 .3809963 .9094479 
 .8509996 .0885527 
 .9959249 .0920469 
 .4461142 .1224090 
 .9139970 .9678309 
 .8024636 .4822577 
 .1060677 .4534605 
 .9896750 .9928062 
 .6250366 .1768454 
 .9588036 .7625790 
 .2802781 .6205914 
 .3836036 .5663703 
 .9965296 .5375257 
 .6039610 .4541526 
 .3535087 .5954455 
 .8622571 .3094017 
 .2400478 .0889259 
 .9588717 .1864427 
 .2721237 .1591264 
 .8481893 .8374290 
 .2779853 .5263349 
 .4302557 .7269736 
 .0932955 .9402545 
 .9320369 .7957852 
 .1699582 .5030730 
 .0699815 .9809495 
 .8067627 .2709116 
 .0836706 .6742865 
 .5682928 .0786396 
 .3576760 .4835090 
 .7683769 .7870196 
 .5217364 .3732722 
 .5408567 .9830117 
 .6419082 .9616393 
 .4762752 .8745944 
 .5788681 .8265477 
 .2283975 .4489233 
 .1729292 .4685584 
 .7369180 .0828460 
 .1850054 .3500563 
 .3074577 .3209903 
 .6326083 .3941537 
 .9596401 .5196279 
 .2514124 .6233809 
 .1088413 .9825717 
 .4148614 .3308480 
 .3847692 .0142700 
 .2731446 .3244643 
 .4955142 .3482935 
 .6325234 .3250427 
 .4917711 .4773613 
 .8778697 .4262127 
 .2327268 .7521915 
 .9242734 .4700728 
 .6502883 .4065770 
 .8341039 .0269326 
 .5870522 .0184593 
 .6078773 .0973859 
 .2683441 .8821805 
 .1920814 .3248295 
 .2699415 .3338210 
 .5736686 .9984409 
 .2583913 .6653570 
 .7656311 .9600788 
 .5953028 .7475775 
 .5348437 .1606032 
 .5832902 .1570715 
 .0735908 .4362629 
 .8495165 .2074085 
 .8488074 .4260937 
 .9607068 .9946708 
 .1444456 .6962445 
 .3762070 .9960418 
 .0964557 .2838298 
 .4958298 .9579835 
 .2480329 .1658337 
 .7569954 .2659333 
 .9539433 .6797797 
 .0787085 .6262026 
 .6533132 .6918832 
 .7233667 .0761332 
 .6141372 .2822307 
 .8239230 .8713647 
 .9213622 .7897282 
 .0636874 .9175440 
 .1126156 .0641539 
 .6467019 .7937741 
 .0278957 .4781700 
 .7933193 .1698076 
 .3857259 .3656298 
 .2610105 .0992482 
 .7697938 .7184832 
 .2346804 .2650899 
 .7358734 .7750796 
 .4515385 .1875949 
 .4452512 .0872055 
 .4080081 .5410636 
 .6018671 .2188282 
 .4129209 .3662608 
 .7073310 .8007544 
 .2624894 .8474192 
 .1298070 .5743076 
 .2659348 .6226239 
 .7758599 .5731917 
 .7813264 .9272664 
 .0126513 .9229875 
 .5518189 .2829312 
 .8527577 .0267426 
 .8732136 .4268209 
 .4142606 .2349066 
 .5722688 .6554177 
 .6210496 .4879528 
 .2166077 .0938000 
 .5163704 .8274517 
 .8840696 .3996713 
 .1179670 .9906532 
 .8520793 .3069833 
 .3246010 .3668212 
 .0737303 .8838396 
 .0576976 .1701772 
 .3219391 .5364262 
 .8422684 .4813841 
 .1288937 .1858076 
 .8395038 .4715640 
 .5352417 .6658451 
 .5684188 .2319311 
 .2896999 .6640052 
 .0120821 .7077548 
 .2901710 .3157224 
 .4991616 .7345937 
 .2046887 .1680348 
 .8751948 .4920765 
 .5147224 .3877149 
 .4090363 .1579884 
 .5322314 .9788398 
 .1847597 .4325853 
 .7905002 .0079754 
 .1618021 .1169261 
 .8198912 .4626695 
 .5877414 .2141245 
 .6033557 .8790327 
 .1476959 .1608055 
 .5605128 .1926212 
 .4483425 .8072322 
 .0184989 .7569046 
 .6668614 .6055930 
 .7652553 .9360775 
 .1371506 .0313169 
 .1066202 .3521487 
 .1763067 .3840709 
 .2101804 .4258846 
 .6400517 .5627973 
 .4514676 .4105906 
 .7904072 .8898177 
 .7044217 .2276492 
 .5038790 .2171881 
 .4482303 .0614953 
 .2726215 .9661668 
 .2943619 .2850636 
 .6709203 .9473908 
 .8559837 .7279840 
 .9787504 .2421685 
 .2596534 .8696996 
 .6645641 .4887319 
 .1963619 .9765262 
 .8097209 .9433635 
 .0733233 .6812423 
 .8735221 .9445726 
 .0945234 .6393691 
 .2045350 .1059574 
 .1896113 .7386670 
 .3422191 .8445933 
 .5373887 .3757988 
 .5516794 .7987653 
 .5895928 .4723940 
 .5101010 .3211391 
 .2780301 .5451574 
 .1199482 .5080783 
 .4560476 .0719853 
 .7527652 .0372939 
 .2440021 .8465727 
 .7072872 .2663847 
 .1654407 .6634814 
 .3629751 .3636303 
 .8113063 .6373868 
 .6789239 .4066593 
 .9762881 .2850051 
 .7697770 .0388653 
 .1845923 .1743028 
 .9137048 .9997168 
 .3595850 .8987923 
 .3290921 .1629330 
 .8781009 .2283003 
 .4002163 .0829044 
 .8583823 .8223390 
 .9293158 .8592653 
 .4207627 .6063982 
 .8219235 .7141923 
 .6800029 .9808878 
 .9406090 .3063548 
 .9127708 .0703803 
 .4432161 .6865002 
 .9157937 .2780054 
 .6967255 .0769533 
 .9398553 .9746246 
 .9559073 .4128810 
 .3497194 .1505359 
 .7333733 .8365434 
 .6053881 .6522125 
 .6683876 .0439613 
 .2585058 .0187460 
 .4172668 .4409978 
 .0693600 .1605240 
 .5172925 .3048234 
 .4224501 .8620068 
 .3851790 .3366270 
 .9871705 .4545552 
 .8541985 .8392909 
 .7574201 .5448927 
 .3724641 .9040929 
 .6200842 .3882274 
 .8075178 .0253640 
 .5449719 .7881045 
 .5456726 .0009503 
 .1431086 .1509883 
 .2424197 .2763304 
 .1789191 .8231579 
 .3640400 .4458576 
 .8049570 .8290342 
 .9392616 .7678605 
 250 
 .6630978 .7893098 
 .2797855 .5507806 
 .0986659 .7375180 
 .5836690 .3321734 
 .7864710 .8257235 
 .2473134 .0457932 
 .9803428 .0021350 
 .5090611 .9361467 
 .9681301 .5814093 
 .0465661 .8543610 
 .4274253 .5755112 
 .8550737 .7110193 
 .2061500 .5100040 
 .8359346 .1652748 
 .2567405 .4558516 
 .9029876 .9271210 
 .3806668 .8359865 
 .1352872 .1106827 
 .1265586 .3323345 
 .8219278 .6078418 
 .3529481 .4734585 
 .5998343 .0979494 
 .0257415 .2137699 
 .9072537 .6528374 
 .8686369 .4481479 
 .4807043 .4563541 
 .3069928 .8040743 
 .6152179 .3912458 
 .2147523 .5178262 
 .5782594 .5479188 
 .4501232 .4701397 
 .2956270 .4114735 
 .8964389 .7058619 
 .7793389 .8549402 
 .2451491 .6047115 
 .4968936 .3148899 
 .2908631 .3571613 
 .9297725 .7950798 
 .9639519 .0189178 
 .0655258 .7165500 
 .3020580 .0952831 
 .8286624 .1281477 
 .3431285 .7061256 
 .9847566 .3668473 
 .4819294 .7040406 
 .5410893 .8069976 
 .8295708 .9008284 
 .9946708 .6937779 
 .8990368 .4764382 
 .0110550 .9882307 
 .5442205 .8133052 
 .5088446 .3662821 
 .2281737 .9683215 
 .1166279 .6566882 
 .7983470 .7528160 
 .1901691 .6549066 
 .1001745 .3636483 
 .8444158 .9309929 
 .7506083 .5591375 
 .7711837 .4168145 
 .6927839 .8028225 
 .1706474 .6056828 
 .9220544 .3442660 
 .3019043 .4579505 
 .8598295 .0450620 
 .5212972 .8487588 
 .7901468 .5031534 
 .9807851 .8259506 
 .7873456 .7303031 
 .3438484 .2117514 
 .5617653 .7843676 
 .0721090 .2631657 
 .2317009 .2756761 
 .3584409 .2226926 
 .4790876 .9186026 
 .1357613 .5999513 
 .8361912 .0861177 
 .4663118 .8206592 
 .6411274 .8849950 
 .8929926 .2941551 
 .8389628 .2782160 
 .0785880 .7538365 
 .3276263 .3522335 
 .5244362 .6235167 
 .6765388 .5109176 
 .7886501 .8013313 
 .1909005 .1634802 
 .0443023 .2134749 
 .5536278 .7862536 
 .8464406 .2922451 
 .4351473 .9411535 
 .6173239 .6336584 
 .9912986 .2277778 
 .8032473 .8838002 
 .2316276 .9696540 
 .2826897 .7221179 
 .6820140 .8639361 
 .9806482 .9235903 
 .1220402 .4711445 
 .5218525 .0971378 
 .6714190 .3381220 
 .0774609 .9593122 
 .0413164 .2215296 
 .4547594 .9922491 
 .9531897 .2367012 
 .2636948 .0726124 
 .8449645 .1608078 
 .1717064 .1008427 
 .0046496 .3708214 
 .5206624 .7019667 
 .8550046 .2340035 
 .8056743 .5425680 
 .6072728 .8673535 
 .7715607 .4827912 
 .9424356 .1559151 
 .4226630 .3644789 
 .4875945 .3188426 
 .5069902 .3712632 
 .0430864 .1249491 
 .6551922 .1656731 
 .8804577 .5118775 
 .1450360 .9316137 
 .7576085 .7183385 
 .2267984 .4849514 
 .0579323 .3978194 
 .2756909 .1549327 
 .8152719 .2830778 
 .1130094 .5168031 
 .1836463 .9893616 
 .2245579 .5408114 
 .6851341 .0939363 
 .0569374 .5218093 
 .5436771 .7609229 
 .0309231 .4114256 
 .4970582 .3819430 
 .5052859 .9733301 
 .2715573 .9004087 
 .9704500 .5409444 
 .6889617 .0437688 
 .7532227 .0331312 
 .1263543 .4044060 
 .1628991 .1714346 
 .4255837 .4244611 
 .1842271 .3743798 
 .6991892 .5284080 
 .5904353 .3497053 
 .8379653 .0230188 
 .9636775 .6712243 
 .6149693 .4981967 
 .0122398 .2578247 
 .5117434 .3023256 
 .3925972 .2499538 
 .8625113 .6580431 
 .7963014 .8233193 
 .4062655 .9919925 
 .3506388 .4475128 
 .3276408 .3759145 
 .5994173 .3833465 
 .5154377 .3546888 
 .8550390 .1489287 
 .9202592 .0454115 
 .1115894 .5404151 
 .0851252 .8435757 
 .7349330 .7759918 
 .3777756 .4186868 
 .7411600 .5855079 
 .0808321 .4104852 
 .7680760 .6753070 
 .8937074 .2741305 
 .1521843 .9777411 
 .8532912 .4315191 
 .3496721 .4046194 
 .1616594 .0671378 
 .9756966 .3579793 
 .5785014 .7987740 
 .8606706 .8420954 
 .2412971 .7318041 
 .8016806 .4371025 
 .0526593 .1839302 
 .3755431 .3440242 
 .8443386 .1959276 
 .7187120 .8379063 
 .8013328 .8114727 
 .1972136 .3521843 
 .2049910 .4412268 
 .2033977 .5828942 
 .2161357 .2863437 
 .9294672 .9029015 
 .6406685 .0852142 
 .0718913 .4085062 
 .5610650 .1028590 
 .3948217 .4156055 
 .2252325 .4806980 
 .4909216 .4496043 
 .1945713 .4187482 
 .6785025 .9394748 
 .6884013 .2234142 
 .7059273 .0763224 
 .2323366 .5102154 
 .9268147 .7125401 
 .7213831 .7278234 
 .1790462 .7786632 
 .1296428 .0309423 
 .2508666 .4383959 
 .3101919 .1756383 
 .2398650 .9825121 
 .2911184 .7799912 
 .1842513 .1114552 
 .5345134 .6611775 
 .1369904 .5440136 
 .8195565 .1405958 
 .6159526 .5224598 
 .4613929 .7521747 
 .5386598 .4075422 
 .8944072 .6838566 
 .9673949 .7517413 
 .3294229 .9542020 
 .0657656 .5257763 
 .0244489 .6383917 
 .6052147 .0085096 
 .1605173 .7113968 
 .3508229 .6286685 
 .5480529 .0090251 
 .0789873 .1002268 
 .2527622 .5957161 
 .4015682 .7913860 
 .2583600 .0846221 
 .7457978 .6169046 
 .6992407 .2314692 
 .7080302 .9895728 
 .9095957 .9072183 
 .6912032 .5909454 
 .1441357 .2714133 
 .5670733 .9435739 
 .6146537 .9816150 
 .5787864 .9439294 
 .4288207 .3852287 
 .5085685 .5415335 
 .7729888 .0866480 
 .1581618 .4575290 
 .5970554 .7407186 
 .4925027 .9945701 
 .1717603 .5063664 
 .6339469 .3065158 
 .9198066 .8526126 
 .7064952 .6155043 
 .2820797 .3313911 
 .9458697 .3676037 
 .1666256 .9433827 
 .3283443 .7259023 
