 15 
 100 
 .1811664 .3865192 
 .2943430 .0667935 
 .3830796 .2834294 
 .3055463 .2164093 
 .1049368 .7252942 
 .3327418 .5067355 
 .3129737 .2421695 
 .6373325 .5542584 
 .4727142 .5483298 
 .6443175 .9785239 
 .3490257 .1557940 
 .4218815 .2496089 
 .5082743 .0318117 
 .5689753 .9957289 
 .9020445 .8763014 
 .4704666 .9490959 
 .6763103 .4112341 
 .6828067 .5489170 
 .8963458 .5693865 
 .4488850 .3363426 
 .0537011 .8205556 
 .5752622 .9367751 
 .5624101 .6924913 
 .8921655 .8372538 
 .1798793 .8822597 
 .1979218 .4751817 
 .3138020 .6997739 
 .0937922 .4414782 
 .0976021 .8646025 
 .7588623 .8858639 
 .2184854 .2531680 
 .0016456 .4514414 
 .7368353 .8668656 
 .5467777 .1545551 
 .2035710 .3007423 
 .3505197 .3961320 
 .6108661 .0129579 
 .8541625 .5118530 
 .1364410 .8405938 
 .7337298 .6476038 
 .9851678 .0282466 
 .3290273 .9282562 
 .3041012 .5205462 
 .1639825 .4539404 
 .2459445 .8440255 
 .6197703 .1281417 
 .5665183 .4309515 
 .8963338 .1532085 
 .1366919 .0185608 
 .0879839 .6157231 
 .5886041 .5299263 
 .8837195 .2587063 
 .8475132 .7831873 
 .6491341 .5693152 
 .0594169 .0973861 
 .2081978 .9065975 
 .6333407 .4164562 
 .4612060 .6985076 
 .6860558 .4462693 
 .1786993 .8327996 
 .7036133 .4188706 
 .2165621 .2721339 
 .0036286 .8263771 
 .5087368 .5967785 
 .5673731 .6052719 
 .2024211 .5132038 
 .6715833 .0382853 
 .0851836 .1956828 
 .8341450 .7514762 
 .0805177 .4202446 
 .9305947 .7318147 
 .3118847 .5130299 
 .6623728 .8262867 
 .4966609 .8127847 
 .2731104 .6955785 
 .8595216 .2219403 
 .6135906 .1095423 
 .1660652 .0119863 
 .1345593 .6511578 
 .8758083 .8136963 
 .6119135 .6413926 
 .9904854 .0557219 
 .5411385 .1474844 
 .3077515 .3481828 
 .0248404 .4675207 
 .0483405 .7106671 
 .1539961 .1080454 
 .9603648 .3235480 
 .5727645 .0395670 
 .9591701 .7822632 
 .0285369 .4155505 
 .2638831 .7382057 
 .8409972 .8995386 
 .1589225 .3366872 
 .6614815 .6257393 
 .4441787 .9690795 
 .6095132 .4215183 
 .0327297 .4372442 
 .5272183 .4840337 
 .8887378 .5157721 
 100 
 .0320350 .9035221 
 .6369799 .8608821 
 .3088908 .3757713 
 .9732127 .9611231 
 .8874779 .6968806 
 .9026566 .9988072 
 .4085736 .1727914 
 .4612193 .6744004 
 .6931850 .3300558 
 .7470679 .7584614 
 .0747908 .1461704 
 .8127082 .8341521 
 .4107867 .7283322 
 .4312456 .7724040 
 .6145421 .6969393 
 .3338921 .2735263 
 .7919263 .6503541 
 .7854513 .5829191 
 .6609053 .6136454 
 .0743693 .4516472 
 .1024983 .3570130 
 .5853825 .7094566 
 .3461904 .3976516 
 .7247402 .5304186 
 .0304546 .2977181 
 .3968268 .6192885 
 .4845276 .9040976 
 .4906664 .0869043 
 .0236372 .2436157 
 .6166703 .6100511 
 .4966773 .1284801 
 .0169841 .4172210 
 .1205042 .8168548 
 .2233215 .4761187 
 .8137556 .4258382 
 .9081336 .6886547 
 .5280214 .7595256 
 .9097681 .5690399 
 .8754777 .7815639 
 .2388277 .3724966 
 .7673987 .5554317 
 .8076416 .4755464 
 .5924236 .9598859 
 .6715354 .4408763 
 .1497553 .1623846 
 .9208184 .0249269 
 .2707415 .4381088 
 .3950136 .7366480 
 .6602057 .6322436 
 .6722463 .7008384 
 .5016066 .9917201 
 .0707780 .7261688 
 .0202640 .2904536 
 .6278365 .7709110 
 .3966620 .6275076 
 .3220582 .5205911 
 .7648693 .9163647 
 .4964224 .5607800 
 .8045723 .2688633 
 .0224387 .6020678 
 .6117433 .0101493 
 .9149388 .2874634 
 .7727295 .1794787 
 .7390453 .1170547 
 .2171961 .7516633 
 .3131340 .7302838 
 .5220545 .5686694 
 .1577904 .8996739 
 .6039011 .6511293 
 .3122828 .7558118 
 .5817446 .1535974 
 .1658497 .5638822 
 .1125706 .1610514 
 .6475228 .3265946 
 .4847249 .6606913 
 .4891949 .0539716 
 .6708642 .6633011 
 .5135963 .1117091 
 .5534657 .3305944 
 .3806688 .9687104 
 .4892732 .2648470 
 .5189334 .1804646 
 .8097359 .4480045 
 .8267400 .7752116 
 .9851271 .7301304 
 .0931684 .4988593 
 .9207671 .7497973 
 .0887347 .7044008 
 .8022770 .6476217 
 .2283400 .0616747 
 .3482116 .2718599 
 .1169965 .6707336 
 .2354155 .5726225 
 .8441790 .4813776 
 .4951810 .7770890 
 .4740838 .9845964 
 .1843984 .4079101 
 .8530468 .7182759 
 .6505607 .3640420 
 .8757685 .9266027 
 100 
 .9553424 .6783531 
 .1602406 .3746579 
 .9087002 .1877594 
 .3062574 .4287821 
 .7916758 .6251557 
 .3705407 .5889273 
 .9964869 .4313076 
 .8867134 .1584361 
 .9597285 .1899230 
 .8820292 .0540236 
 .0687149 .7486245 
 .2738096 .2262210 
 .5298517 .9782675 
 .3333679 .0477038 
 .0365710 .3562789 
 .3377062 .5407937 
 .6854650 .1872108 
 .0308765 .6005371 
 .8729593 .7837878 
 .2164962 .5081432 
 .4588345 .2501635 
 .0169117 .0407505 
 .5923010 .9991669 
 .5668219 .3245079 
 .2337920 .5978003 
 .8512013 .1433418 
 .2313431 .2084193 
 .9280205 .5375609 
 .1720119 .4526752 
 .9619454 .9741569 
 .1614240 .0847003 
 .5898136 .8513286 
 .9108671 .9699565 
 .5836528 .2579131 
 .4415432 .5149274 
 .2012111 .3260862 
 .4472944 .3061889 
 .8338355 .7124273 
 .6754954 .1586339 
 .5809581 .1752574 
 .0635017 .3425253 
 .3908427 .2795920 
 .9652291 .1958984 
 .7875056 .2871256 
 .4667617 .8083976 
 .5202706 .5469220 
 .0565007 .5982122 
 .4791472 .3999457 
 .0069364 .4461319 
 .8575397 .8917769 
 .6517994 .0881779 
 .9426164 .5348261 
 .9017877 .6265399 
 .3893905 .9936439 
 .1194241 .6609637 
 .8910968 .8415330 
 .8415340 .4700535 
 .4872015 .3481491 
 .4565017 .1224706 
 .2302535 .4381487 
 .1605186 .0474995 
 .6301908 .2797456 
 .3676394 .5561990 
 .4635511 .1262991 
 .9552626 .6291402 
 .6167206 .6883060 
 .6998134 .9628324 
 .2557780 .0394436 
 .0945805 .2201421 
 .5970773 .3781331 
 .2279990 .5235905 
 .8963553 .3325062 
 .0088450 .7651604 
 .1712575 .3061778 
 .9149568 .0204297 
 .0016629 .9469026 
 .4618895 .4242627 
 .0804471 .4495393 
 .2724938 .9032060 
 .7682728 .2858052 
 .2004492 .2169444 
 .6810363 .2306020 
 .3304237 .3259418 
 .4366356 .3102631 
 .4424408 .1005193 
 .4251686 .5514434 
 .9733614 .1813729 
 .3474217 .1175814 
 .6067946 .1937023 
 .9819796 .4774320 
 .0343853 .7449806 
 .0703768 .4891394 
 .5039514 .3757286 
 .4188378 .4732115 
 .5385163 .9967473 
 .5582048 .1956148 
 .3975498 .8858904 
 .0220543 .8325527 
 .8678612 .0209030 
 .1256508 .0233557 
 100 
 .9142309 .8178972 
 .8716851 .5568321 
 .3741774 .0909635 
 .2766093 .5364299 
 .7198956 .5480020 
 .1952074 .4251803 
 .0935241 .1293908 
 .9997430 .5146563 
 .1971563 .1553647 
 .8100063 .3626231 
 .7215671 .1882381 
 .1257504 .8087096 
 .0501298 .7876558 
 .6247631 .4508197 
 .8870136 .4291732 
 .6870788 .0291672 
 .8291252 .6944331 
 .2049960 .0392839 
 .0145590 .7883046 
 .9435345 .0371491 
 .8091875 .2953597 
 .8181583 .4032553 
 .6976344 .0932669 
 .8348989 .6299856 
 .4728621 .1698569 
 .1588542 .2576686 
 .5051467 .8570526 
 .0943154 .1161238 
 .0389528 .2493223 
 .1148915 .1749503 
 .5253155 .3051087 
 .1038666 .6492706 
 .0454535 .7625706 
 .4700449 .5676546 
 .7036103 .3992478 
 .7964211 .2425468 
 .9362358 .6296886 
 .3495589 .3852287 
 .1607030 .7039558 
 .5054814 .3092109 
 .9174869 .0190262 
 .4995793 .0374823 
 .1802550 .8977064 
 .6374237 .3772909 
 .0412920 .6765747 
 .1518534 .2956154 
 .4352631 .5639286 
 .3881748 .3012447 
 .5401679 .4065187 
 .2601998 .0349397 
 .2755976 .6032997 
 .4490289 .8445500 
 .8777558 .7262758 
 .3054021 .6717107 
 .5282700 .1910711 
 .7439620 .9329066 
 .7972904 .2388710 
 .6503389 .0097691 
 .2658743 .6601642 
 .7134593 .1785151 
 .8408670 .6600238 
 .5873163 .9509711 
 .3775533 .0228039 
 .5075257 .4516764 
 .3789364 .7068568 
 .7547291 .1366677 
 .5307463 .0504913 
 .6732072 .3267394 
 .1308616 .1996678 
 .5103291 .0757753 
 .2408806 .9141447 
 .5196065 .1552042 
 .4737782 .7477339 
 .1335378 .6782608 
 .2700778 .3432725 
 .3160316 .3195684 
 .5284051 .2846544 
 .3893965 .3511465 
 .4548489 .0950713 
 .8265750 .8972890 
 .0768602 .4882638 
 .0219023 .9274189 
 .3166609 .2313739 
 .4070738 .5150088 
 .8089404 .7646813 
 .1546358 .6865097 
 .4381623 .2834027 
 .9880603 .5989822 
 .2097328 .9955936 
 .3617412 .5882970 
 .5917630 .8413170 
 .7399675 .5284122 
 .5928281 .6423993 
 .3324777 .5808558 
 .9861678 .4375719 
 .0645101 .3741950 
 .3498166 .0703727 
 .5877151 .4554688 
 .7503714 .8001385 
 .7788183 .9563485 
 100 
 .4281513 .1005392 
 .6169051 .2106896 
 .9035273 .6336672 
 .9565580 .8791816 
 .3658684 .8164822 
 .0892132 .2505314 
 .5630102 .0437056 
 .8629269 .0040435 
 .9030633 .5478366 
 .4526560 .9801357 
 .0218981 .5511152 
 .7680719 .4952742 
 .2564268 .7217500 
 .2702404 .4755567 
 .5810043 .3508614 
 .1461314 .1257555 
 .5845493 .9181310 
 .0522633 .8925783 
 .6494994 .0513824 
 .8647589 .9542464 
 .9881112 .9840271 
 .1290795 .1427624 
 .6320659 .5877755 
 .4426443 .7874672 
 .5804807 .4570136 
 .2688086 .1032077 
 .4994374 .3340681 
 .3002026 .0156764 
 .7306487 .8170005 
 .2796038 .2397793 
 .6930780 .6468741 
 .1512580 .4612667 
 .5218345 .2303988 
 .7462624 .0118520 
 .1436661 .1547661 
 .2812062 .8056891 
 .7855052 .4701176 
 .3361155 .7898895 
 .6869508 .0647262 
 .4297949 .9607925 
 .7619541 .5893949 
 .7692887 .2554652 
 .0394575 .5890684 
 .3443180 .4264492 
 .5049945 .6969964 
 .5835839 .3666094 
 .7504242 .3032586 
 .7916763 .2271187 
 .5897260 .8258480 
 .2343865 .9596497 
 .1752562 .8270862 
 .9154127 .4457811 
 .4987416 .4066975 
 .8551596 .9219944 
 .5196939 .6786771 
 .2964859 .6744544 
 .2535475 .2529355 
 .1642445 .6085862 
 .3827944 .4828642 
 .9242051 .8762915 
 .4243736 .2322321 
 .5388385 .7880389 
 .9807335 .9224672 
 .5064015 .2050320 
 .5929608 .9451828 
 .1871838 .8927475 
 .3623412 .9030617 
 .1455702 .2533680 
 .6593150 .7506817 
 .6351514 .7105468 
 .4311901 .3588499 
 .3803725 .0025609 
 .0748271 .3722791 
 .4035635 .8937702 
 .4679623 .9592771 
 .9395446 .4214308 
 .1505606 .0893036 
 .7877544 .7748480 
 .1007263 .6830679 
 .2779144 .2136197 
 .0309181 .1610672 
 .0610237 .9658590 
 .2996632 .8083892 
 .0618849 .6378102 
 .7393029 .6519983 
 .2087941 .0827356 
 .9766845 .3248764 
 .2443993 .6263640 
 .8937973 .2200815 
 .4604421 .6731006 
 .1492938 .1052917 
 .2170580 .6036266 
 .2572874 .7005128 
 .4209237 .0399984 
 .3819489 .3816144 
 .7497148 .4559222 
 .2278682 .4610107 
 .5144781 .1420595 
 .3470865 .1523946 
 .0255370 .0310480 
 100 
 .6917715 .5247554 
 .7378436 .1139249 
 .8518798 .1052310 
 .0521666 .3458570 
 .3524628 .3514586 
 .3805797 .1890325 
 .5557044 .4702690 
 .0772804 .3562981 
 .7159619 .9365972 
 .4052439 .9201521 
 .8571943 .9276414 
 .3595010 .6950659 
 .3538466 .5333790 
 .5903287 .5813364 
 .0586750 .2738090 
 .7432660 .2077927 
 .8818057 .8215337 
 .3240207 .4982354 
 .9196705 .0087885 
 .9589212 .4194959 
 .2830145 .7415597 
 .0969983 .7920041 
 .0900822 .3382857 
 .4169581 .2387771 
 .7720099 .4825845 
 .2776438 .6353145 
 .6675479 .2917843 
 .4879728 .2580479 
 .3361526 .2565297 
 .6631987 .6072635 
 .2523944 .7396703 
 .8575803 .9338412 
 .4081645 .5108027 
 .5855495 .0972497 
 .3775010 .0495064 
 .5181731 .7320458 
 .8146414 .1262660 
 .0104863 .9461747 
 .0693020 .9535977 
 .3070705 .9986859 
 .2118436 .9167717 
 .1044339 .6266035 
 .5500589 .9070247 
 .6232604 .8676447 
 .6614741 .3910733 
 .1528096 .2518010 
 .7204392 .7973496 
 .0525924 .9425170 
 .8155611 .2574631 
 .4993209 .5668440 
 .0653489 .3242329 
 .1039364 .7905533 
 .3709671 .5460135 
 .3356687 .8132869 
 .0048661 .6992290 
 .1064782 .4624406 
 .0204537 .4928301 
 .7062819 .9721427 
 .4660355 .5230605 
 .5409783 .3024467 
 .0686358 .4752584 
 .0028628 .3782206 
 .5801850 .7797025 
 .6754787 .2392356 
 .1975684 .3065139 
 .5086798 .0621441 
 .9143335 .8436393 
 .3485955 .5484425 
 .5581114 .0927413 
 .2127004 .4146537 
 .5241676 .2286857 
 .0911948 .7538785 
 .4296277 .6250344 
 .1488137 .8810802 
 .3699665 .5138007 
 .4999040 .8850173 
 .1319739 .9234829 
 .9255470 .3821548 
 .2657654 .4633455 
 .8735649 .7341946 
 .6901491 .0698441 
 .8968391 .0206061 
 .5359493 .8162774 
 .5963966 .0577369 
 .9433763 .8599652 
 .5845865 .3712709 
 .9323811 .5507951 
 .5992852 .8410115 
 .3567925 .0766172 
 .4988385 .2657317 
 .1190667 .6379858 
 .4532812 .7981769 
 .7353346 .3279299 
 .4116696 .4707720 
 .1602743 .3800571 
 .2470353 .2031894 
 .3558112 .4161500 
 .4259172 .0232228 
 .9519243 .3857628 
 .3725636 .9494063 
 100 
 .7245584 .0959754 
 .8401260 .2220543 
 .4149768 .0676688 
 .6913871 .4109036 
 .2344820 .8512487 
 .8461996 .3918496 
 .5234479 .2529331 
 .2757492 .2294123 
 .4366985 .9633277 
 .5064135 .5200762 
 .8685932 .0813048 
 .0172682 .5765536 
 .4583880 .6639769 
 .2416012 .7338545 
 .4647033 .8210817 
 .8680395 .7418381 
 .2898846 .5601600 
 .2224813 .3202024 
 .8808605 .5657926 
 .3268592 .0726742 
 .2304303 .7876411 
 .5912501 .6070164 
 .5369150 .9814061 
 .0058964 .3434110 
 .7234294 .4948363 
 .3507194 .5103319 
 .1308431 .3558957 
 .7107958 .5562242 
 .1284434 .2778863 
 .0434352 .9166854 
 .6685563 .1600240 
 .4398524 .9774344 
 .6685740 .0824535 
 .0033727 .3076832 
 .4461377 .1602394 
 .0555534 .8886259 
 .8582889 .8572783 
 .9979534 .1471631 
 .5883868 .8316105 
 .1044386 .0827198 
 .1581486 .8890579 
 .4882919 .5396138 
 .3764619 .4007536 
 .3588888 .5609325 
 .4193024 .2677476 
 .5207332 .5318041 
 .6013123 .3057410 
 .1271071 .1873331 
 .8720247 .3259097 
 .4228976 .1678468 
 .5585039 .1920088 
 .2252123 .2334971 
 .9789699 .1652697 
 .0126084 .0212126 
 .0539419 .7703136 
 .7280233 .7965298 
 .4152334 .5281723 
 .9382321 .4154817 
 .9189061 .9448196 
 .2127672 .9995189 
 .7537063 .2911557 
 .0541171 .9089102 
 .0367172 .5764275 
 .1826009 .6842553 
 .1256245 .7523998 
 .3949747 .8561627 
 .7622588 .0784904 
 .7044914 .9818407 
 .1926137 .6543306 
 .3482009 .9738489 
 .8694893 .7490900 
 .0186579 .6975847 
 .2079416 .5271982 
 .0332940 .8247803 
 .7909786 .3260792 
 .9744343 .8723741 
 .7610926 .4589722 
 .6826801 .9991452 
 .9174173 .7081300 
 .6200650 .1834765 
 .9911883 .7914361 
 .9784138 .5090818 
 .1039462 .1170532 
 .1216069 .0235262 
 .6211817 .5118862 
 .8343785 .5264099 
 .2840647 .1836910 
 .4087640 .1472159 
 .1061605 .2543785 
 .0237664 .0815638 
 .2207801 .5217132 
 .5431373 .7010036 
 .5055010 .8439931 
 .3367745 .7050484 
 .9285679 .3106790 
 .7770306 .2519232 
 .3800193 .2121200 
 .6136095 .2310242 
 .1786185 .2417591 
 .6186083 .1073681 
 100 
 .0816740 .2803010 
 .0330514 .0959066 
 .7537515 .8865407 
 .9418555 .7685008 
 .2447806 .0546914 
 .4469798 .4531460 
 .7482871 .1313743 
 .2774519 .7857192 
 .1041029 .6927402 
 .3364247 .2886379 
 .2120667 .7767468 
 .8933204 .5853950 
 .4565952 .6982153 
 .1248609 .4594911 
 .8167263 .7332017 
 .1212751 .0128788 
 .6499724 .6702335 
 .1196181 .1921660 
 .9762262 .4523551 
 .6088427 .3875475 
 .9226949 .1764857 
 .2624381 .0642750 
 .9825532 .3135882 
 .7729925 .7914533 
 .7363573 .3403785 
 .1553659 .8576172 
 .2214119 .6440296 
 .7051645 .1139110 
 .4328801 .6263462 
 .4883162 .9083023 
 .4116332 .8814706 
 .1246403 .0501464 
 .6153080 .0771158 
 .0298157 .6931003 
 .0659296 .0968880 
 .6999608 .8029041 
 .0924229 .9012420 
 .7525756 .3794329 
 .9995368 .6752804 
 .1557472 .6617002 
 .0437905 .8287583 
 .4507062 .9297055 
 .7171858 .4105560 
 .0549416 .9351815 
 .2532612 .0473210 
 .3655412 .0889585 
 .8877555 .6022399 
 .9941369 .8878376 
 .8253540 .8007577 
 .8721958 .1981000 
 .8698626 .9488006 
 .1723237 .3830924 
 .7403594 .8764583 
 .1891388 .2632607 
 .3805531 .1144271 
 .8910374 .8605813 
 .9204021 .2275815 
 .3582158 .0750941 
 .9031634 .8031188 
 .5165456 .0762046 
 .1701096 .8705799 
 .4027147 .4101284 
 .3093266 .0059820 
 .7823711 .7093258 
 .4219434 .9680767 
 .6062250 .4595528 
 .4240073 .7946568 
 .0331028 .4922673 
 .1576489 .6516604 
 .2651933 .6191080 
 .8913513 .6158318 
 .1081030 .9430353 
 .6936944 .6586945 
 .0532391 .6370279 
 .7030452 .4988332 
 .0363763 .0829883 
 .2099677 .2517686 
 .2954470 .8552614 
 .1297868 .9203070 
 .5615192 .6969440 
 .9674120 .1589519 
 .9860104 .8924867 
 .5503727 .2770436 
 .7383306 .7440011 
 .1016843 .4175382 
 .2927552 .6057081 
 .8018165 .0000268 
 .4403127 .4531337 
 .6963285 .0235043 
 .5772333 .5305105 
 .1778163 .2998190 
 .5899559 .4383965 
 .5303600 .1834362 
 .6192246 .2383245 
 .0817980 .3654258 
 .2713505 .8443625 
 .9615660 .7352042 
 .7696501 .1623390 
 .5946657 .5458156 
 .6073293 .0831927 
 100 
 .8482309 .9482060 
 .1660487 .4319774 
 .8462972 .6252992 
 .3809981 .1505214 
 .2284039 .4335214 
 .9299316 .1191360 
 .0837293 .7610084 
 .8541703 .8081213 
 .6672300 .2888586 
 .4254795 .0376648 
 .7078832 .9827397 
 .0828745 .0970922 
 .7492748 .8727000 
 .1942091 .8508498 
 .3045868 .3624657 
 .2527649 .6961015 
 .1341759 .7465885 
 .0903873 .7299405 
 .8245572 .0428427 
 .1549147 .5649823 
 .9103643 .3440260 
 .4271309 .1700450 
 .5709131 .2710786 
 .8951350 .1147793 
 .6730018 .8189870 
 .6032835 .8079968 
 .5316914 .4165537 
 .2776135 .8211121 
 .8186888 .2965814 
 .7163196 .2000801 
 .8487512 .6576200 
 .0263255 .7485066 
 .9909017 .3929314 
 .0766808 .5057800 
 .8433528 .6050336 
 .1053259 .8791289 
 .4265275 .3908603 
 .3241050 .8870052 
 .0226058 .5865095 
 .8716866 .4401336 
 .1452663 .8525207 
 .0066674 .1705146 
 .8698868 .6489158 
 .6424998 .5996227 
 .4900821 .7196203 
 .0184067 .9345560 
 .9762348 .5416577 
 .4800251 .9519916 
 .4682856 .0964373 
 .2015674 .6690109 
 .1986352 .0268322 
 .5967137 .1392189 
 .6592409 .9303459 
 .7046430 .0216180 
 .0350135 .8187662 
 .7544989 .7554400 
 .1460928 .6991056 
 .3475657 .3811295 
 .2846641 .2875805 
 .3803985 .3579235 
 .9953204 .9836979 
 .2805390 .1615368 
 .3167449 .7684567 
 .8431324 .9583528 
 .2493234 .4500261 
 .6331700 .1397810 
 .8983770 .9003097 
 .4331133 .7940947 
 .2136616 .2823248 
 .6357118 .0626490 
 .5377935 .8746066 
 .0608241 .4799192 
 .0119660 .5056573 
 .8543856 .4768319 
 .6768873 .8070980 
 .5362549 .8164163 
 .9479536 .9044094 
 .7179042 .3494087 
 .8214159 .6522632 
 .5147247 .5821342 
 .1553786 .3882214 
 .4224787 .5342954 
 .8260253 .1622987 
 .7920729 .5622491 
 .3331619 .6763276 
 .5877449 .5034846 
 .0551630 .3495141 
 .6048589 .8673532 
 .0543467 .0658095 
 .6962016 .0001789 
 .0198553 .7430278 
 .9388667 .2717327 
 .2039339 .8187933 
 .3839094 .3842034 
 .3442307 .4376871 
 .5718661 .8512862 
 .5420563 .3481603 
 .0603570 .4283661 
 .5445778 .5151702 
 .6742391 .6270159 
 100 
 .2053593 .9008645 
 .1205549 .1877128 
 .1076320 .8742553 
 .2637359 .2208068 
 .1508590 .8324872 
 .1725744 .3019063 
 .7336908 .8392777 
 .6582817 .7059876 
 .1129580 .8361859 
 .2389072 .7042415 
 .3640663 .1228223 
 .2934117 .8859501 
 .5857023 .6337300 
 .8001743 .1990873 
 .7412860 .8007348 
 .8685667 .1598854 
 .6587720 .6558428 
 .8348717 .7328291 
 .7543620 .9145624 
 .7591398 .9354750 
 .2271016 .1336048 
 .6689958 .4216664 
 .7003552 .1485676 
 .9788203 .2241565 
 .1604355 .7922010 
 .4845459 .5129014 
 .8473648 .7354912 
 .6994361 .6053669 
 .4605273 .9828282 
 .7460619 .4446348 
 .3129813 .3272691 
 .4331534 .1719444 
 .2500991 .6081088 
 .5895060 .0320678 
 .2761495 .0239408 
 .4545485 .3696536 
 .6290842 .5908897 
 .3779576 .5468898 
 .9192885 .0860184 
 .8877228 .8195788 
 .0000814 .9058342 
 .1637452 .0695124 
 .2514289 .0626155 
 .1062871 .2629118 
 .4063555 .3377487 
 .7067957 .9821909 
 .0920281 .1496668 
 .6917001 .6934419 
 .7421257 .1501147 
 .9841367 .8343580 
 .9990343 .5496021 
 .1680994 .5438370 
 .3862892 .7418299 
 .7856461 .0497731 
 .8036736 .4358661 
 .0794218 .4675860 
 .8771337 .1396923 
 .0262969 .0583736 
 .6683437 .8327109 
 .6972644 .8092535 
 .6869991 .8186924 
 .8153024 .4239944 
 .2129003 .3027155 
 .7455958 .2814795 
 .9722536 .8617106 
 .1077246 .4024046 
 .2585326 .7915213 
 .0010806 .6679389 
 .3653581 .8647479 
 .9242616 .1023908 
 .1173258 .3113002 
 .4754399 .5472538 
 .4421965 .2633480 
 .6600902 .0358972 
 .1095214 .3515074 
 .1089234 .0836377 
 .4392569 .9004028 
 .9137918 .3315150 
 .1193837 .9874978 
 .5016272 .8558271 
 .1116561 .6750618 
 .5525502 .2488944 
 .5044958 .6146195 
 .1820468 .4966397 
 .3144033 .0069987 
 .3899624 .8699330 
 .5522082 .0674278 
 .2599121 .5912809 
 .9557074 .6198195 
 .8879625 .9558773 
 .9308734 .5906944 
 .0330039 .8332973 
 .4125385 .7919272 
 .7045131 .9477536 
 .2124032 .7109177 
 .2153142 .8628627 
 .3150585 .7426904 
 .6938767 .9508271 
 .5465939 .5140719 
 .9265613 .5128579 
 100 
 .7979440 .2162930 
 .1264344 .2820673 
 .9465706 .1673627 
 .4307330 .3639913 
 .8830308 .5951745 
 .4301750 .7728832 
 .3986053 .7297907 
 .8339837 .5609855 
 .5991137 .0195016 
 .6661373 .5076668 
 .1384746 .3783520 
 .5498695 .7676384 
 .7611434 .0086422 
 .2352384 .0419714 
 .9404236 .1337397 
 .3125613 .9393467 
 .0224685 .9751452 
 .9740851 .3824268 
 .1437143 .0014388 
 .8663297 .2674627 
 .8801751 .7912603 
 .8325133 .1237783 
 .3956383 .1511396 
 .1822574 .2006359 
 .7549857 .2125625 
 .7357636 .1267166 
 .7187823 .3394266 
 .1507839 .8740706 
 .0835809 .4827793 
 .0193535 .9834461 
 .5142418 .2377285 
 .1713495 .5784157 
 .5526201 .8384474 
 .9848636 .2562213 
 .4913821 .6595493 
 .9080588 .0757791 
 .1701360 .9015577 
 .6600127 .0873632 
 .2686547 .8880292 
 .7029401 .6211459 
 .8113908 .0928817 
 .7565517 .2675455 
 .5188811 .3869179 
 .7360356 .4732555 
 .1926840 .2181966 
 .1046623 .2124259 
 .0363242 .1350703 
 .9942108 .4797778 
 .9180091 .2741666 
 .5027041 .5359758 
 .9817726 .6566105 
 .4582294 .9974089 
 .3098636 .2901612 
 .9563092 .0221448 
 .8157693 .5259376 
 .6402962 .9582867 
 .1769223 .6668276 
 .6909781 .7847763 
 .0590234 .7087794 
 .7019260 .3199093 
 .4876886 .9917637 
 .1074901 .2689730 
 .0229486 .5575314 
 .8546524 .4365206 
 .1106489 .7071689 
 .0095960 .4853920 
 .0321800 .6111507 
 .5937498 .0657077 
 .3478561 .2738826 
 .9686148 .4822293 
 .4148249 .5569026 
 .5377930 .7747367 
 .9302792 .6207508 
 .5997182 .5479364 
 .6651112 .7932925 
 .2445389 .4369340 
 .4596591 .6877924 
 .8098359 .0009925 
 .6870029 .9905451 
 .3462711 .3092033 
 .9730178 .7661671 
 .7372776 .6613359 
 .9062586 .8770240 
 .6954009 .8575464 
 .3723766 .1074812 
 .1383182 .2113411 
 .2923133 .1870172 
 .9337792 .0482411 
 .9036408 .9194949 
 .3861532 .6425084 
 .9602736 .2873436 
 .9968262 .2481077 
 .6850183 .3848282 
 .0327845 .8473139 
 .0272193 .4572690 
 .5362439 .1780783 
 .4767454 .7337944 
 .0445558 .1539499 
 .7759127 .1282490 
 .0927328 .5400639 
 100 
 .4502966 .6720183 
 .3572103 .2149663 
 .9329212 .5970494 
 .0727892 .9878960 
 .6566649 .6080319 
 .3065019 .1491042 
 .9970686 .8078248 
 .1813172 .0388997 
 .2097032 .1455676 
 .7755455 .1988970 
 .0580320 .7557680 
 .9344444 .3234377 
 .8919244 .1998021 
 .5602505 .4048906 
 .4238109 .8969730 
 .2245877 .2455453 
 .9565635 .8663360 
 .4893350 .9106211 
 .6297013 .6561877 
 .6324711 .6785577 
 .3411128 .8162235 
 .2455775 .5007652 
 .0303107 .7061608 
 .2784539 .7454114 
 .3239448 .5098999 
 .6201159 .8381629 
 .1800608 .1493216 
 .4781840 .0340853 
 .8470465 .9173834 
 .0917635 .6036904 
 .5865262 .0645608 
 .3152475 .7744247 
 .2942932 .7016624 
 .1584644 .3562456 
 .1748678 .0889109 
 .4661411 .5533767 
 .4560976 .9667064 
 .7581693 .4183870 
 .9305224 .7859597 
 .2105509 .0714416 
 .7276735 .6910743 
 .4015683 .4564503 
 .6912197 .5098568 
 .5325780 .2439330 
 .2795646 .8626215 
 .2992735 .6622454 
 .9383003 .3058083 
 .5662059 .6264130 
 .0054882 .0993410 
 .8011998 .5567222 
 .6912176 .0949834 
 .3609616 .6944567 
 .4939583 .1859033 
 .8760497 .4242692 
 .2380118 .9737900 
 .0413803 .9336767 
 .0865495 .4749918 
 .1439640 .2495962 
 .4384501 .9145054 
 .9065371 .9967228 
 .2770789 .4970623 
 .1355548 .7674275 
 .7154333 .4862816 
 .8635658 .3597511 
 .2723802 .3916846 
 .9856971 .8485192 
 .6041762 .4225752 
 .8117452 .9616394 
 .4767592 .9181583 
 .6806063 .9337902 
 .8575748 .9430816 
 .1913820 .2350064 
 .9786180 .8226224 
 .2618909 .5916422 
 .6100792 .6952867 
 .8843831 .7388731 
 .8091486 .2334135 
 .0514219 .5118215 
 .9812984 .0127809 
 .0010625 .2785875 
 .8093979 .5259557 
 .9960172 .3624592 
 .7544685 .8945071 
 .8103837 .9494131 
 .3834136 .7429983 
 .6410979 .9252069 
 .3938219 .6911520 
 .1684979 .9659639 
 .2315892 .1755469 
 .0276272 .7866656 
 .6688034 .9419156 
 .2730907 .4404506 
 .3497286 .1043673 
 .9667990 .6025877 
 .5319816 .1369292 
 .4187100 .4484816 
 .1457597 .9714702 
 .6821020 .5646130 
 .6514145 .3876208 
 .6509012 .7719470 
 100 
 .4674331 .3955179 
 .7185374 .1875797 
 .1271307 .0693581 
 .8146327 .6342916 
 .6507443 .4646238 
 .3039285 .8987351 
 .4252968 .4577343 
 .4651534 .5442669 
 .3902303 .6345487 
 .0074141 .1484491 
 .4425463 .2118863 
 .4570747 .0400313 
 .2986917 .3298273 
 .5753748 .8753179 
 .8668507 .2652738 
 .7501331 .6762506 
 .4653011 .9898908 
 .2351979 .1468224 
 .6302227 .2663725 
 .0677385 .0226314 
 .1374649 .8217816 
 .5424418 .6599923 
 .2524446 .1687709 
 .5170746 .7431004 
 .8432092 .9155889 
 .0071182 .5248037 
 .2539229 .9021876 
 .1271718 .0006261 
 .8372701 .6482639 
 .2699655 .3663212 
 .5696755 .2629599 
 .4840301 .4834577 
 .6954725 .4460053 
 .5097446 .2698764 
 .0253659 .2445843 
 .2395246 .2743398 
 .1983889 .9949355 
 .0477431 .4568576 
 .4402013 .9859212 
 .2434841 .5850427 
 .3366755 .8843234 
 .7758302 .8169618 
 .8004234 .3467080 
 .3959885 .0543252 
 .3368894 .4361342 
 .0695618 .5360488 
 .2010205 .8270543 
 .0395864 .8582355 
 .0479972 .1192249 
 .2579921 .0470114 
 .8822015 .1296262 
 .8087926 .3074291 
 .8451905 .4660297 
 .5070006 .3943610 
 .6910744 .1202568 
 .3268792 .9069702 
 .3990310 .8041153 
 .1331056 .8415081 
 .6778814 .2747506 
 .9876310 .0298600 
 .2243548 .3845139 
 .8998846 .1629991 
 .2900461 .9066831 
 .2823937 .4063192 
 .8647694 .6332743 
 .7592856 .5522494 
 .7561963 .5530256 
 .7303966 .5566321 
 .8849854 .2722039 
 .7852628 .4385985 
 .7562324 .8514577 
 .4429907 .0961413 
 .5346308 .9493036 
 .7073312 .7457896 
 .3524163 .0752610 
 .7000973 .5167623 
 .0136004 .7889300 
 .4867882 .2372610 
 .4103624 .1987193 
 .6398200 .6001705 
 .7104015 .9162501 
 .7885083 .5819149 
 .3677197 .9479808 
 .2598278 .0435928 
 .6013615 .5300860 
 .9863716 .6373130 
 .2122386 .7493696 
 .4017744 .1799175 
 .1899694 .4927764 
 .5005445 .1855271 
 .9098230 .8191657 
 .2376743 .8496172 
 .9320313 .6752152 
 .7999866 .9701578 
 .2770753 .8459022 
 .9998129 .5327623 
 .0337232 .4397564 
 .3137129 .3713098 
 .4217462 .7982624 
 .2934246 .7751819 
 100 
 .8260335 .6632083 
 .7795002 .4186003 
 .3784093 .3486868 
 .3040273 .7436103 
 .6104926 .5966689 
 .2188777 .0805533 
 .4455871 .2348361 
 .5589607 .4204411 
 .9374922 .6284872 
 .7624032 .8820158 
 .9844575 .5880831 
 .6253289 .4994880 
 .7199054 .6611655 
 .9593785 .8895129 
 .0681819 .8402400 
 .2242076 .4699371 
 .4011239 .3325501 
 .9913165 .9677405 
 .3747973 .2767598 
 .7136286 .6764531 
 .5880339 .7061871 
 .3686272 .9486745 
 .0955237 .6366777 
 .7405140 .3191844 
 .1258594 .3252535 
 .2251473 .9680575 
 .3842439 .3665946 
 .0843865 .4081949 
 .5332093 .6690040 
 .2352926 .7123048 
 .0028173 .2180332 
 .3133395 .6126287 
 .0320677 .0702046 
 .4637711 .6821534 
 .3208000 .8345278 
 .8454059 .7456975 
 .0988758 .0465557 
 .1179481 .8176581 
 .7070428 .8068434 
 .3561233 .3023598 
 .5292593 .7686408 
 .2081139 .9424205 
 .6045528 .3817469 
 .1957455 .0173443 
 .4503607 .0314632 
 .5310576 .4732179 
 .2089042 .5917880 
 .5772101 .8369499 
 .5311429 .6161704 
 .1775101 .7044802 
 .6743932 .0305763 
 .7686268 .9988353 
 .8324366 .3230915 
 .9241734 .7153451 
 .1510384 .8300727 
 .3717067 .0897948 
 .3049105 .2267492 
 .4062100 .5603011 
 .7094322 .6034467 
 .9902101 .0022952 
 .8845484 .8480349 
 .8762230 .8927110 
 .3393577 .1990786 
 .1901462 .6363320 
 .4516259 .9582691 
 .6409136 .5337891 
 .7119894 .0683198 
 .6261146 .9939449 
 .6105820 .6244016 
 .9267581 .7378871 
 .2744035 .8816556 
 .5558335 .9895100 
 .3145920 .8741323 
 .9612044 .0182224 
 .4990297 .7349432 
 .6875581 .8497133 
 .8000489 .0042721 
 .4660420 .3854691 
 .7395835 .8694329 
 .4027469 .4028855 
 .1125715 .0751872 
 .5447585 .7149068 
 .1489209 .2863097 
 .8689901 .8581631 
 .6975614 .5287065 
 .1058491 .6961087 
 .4931696 .9685215 
 .4058721 .8507217 
 .0947359 .1364009 
 .4992040 .4324283 
 .4503896 .6296977 
 .6890946 .5801059 
 .7174747 .6296751 
 .9528534 .2458284 
 .1109300 .9919850 
 .9758428 .7944647 
 .0142185 .3826426 
 .6825066 .6058742 
 .9005486 .5516661 
 .5070370 .1742820 
 100 
 .0005692 .4132886 
 .2064789 .3399950 
 .0262714 .6234527 
 .5897622 .3449702 
 .2171451 .7379533 
 .4337541 .3954019 
 .7988727 .1613790 
 .5858302 .2984801 
 .6096491 .7587017 
 .5030885 .4113259 
 .8147656 .4362505 
 .1300818 .4298589 
 .6440195 .8826771 
 .1362179 .2235273 
 .9839951 .1066363 
 .3746940 .6954703 
 .1609321 .9670653 
 .4283854 .1613038 
 .7699363 .5524237 
 .9034120 .5753724 
 .0403360 .4528291 
 .5345638 .6105091 
 .7602029 .5469835 
 .1822852 .5731279 
 .6881048 .1949034 
 .6199028 .8043743 
 .8171805 .4260285 
 .0111386 .9121071 
 .6732967 .0160734 
 .7280885 .1672039 
 .5605033 .8682771 
 .4126703 .8881203 
 .5359197 .9062874 
 .8814561 .7743025 
 .8126995 .2350649 
 .7437214 .0139997 
 .8515065 .5586892 
 .7618569 .6047671 
 .8931380 .1230800 
 .5359184 .6425347 
 .0802077 .5781858 
 .7314331 .2520618 
 .2743145 .3664279 
 .6705496 .1799392 
 .5445219 .2178966 
 .7376138 .6205741 
 .1184197 .1812621 
 .9651873 .3028192 
 .0711818 .8933618 
 .8067973 .8746312 
 .5910428 .4782512 
 .0972285 .7673815 
 .3991285 .9939200 
 .3663472 .5197378 
 .6027653 .5751803 
 .0121802 .4504139 
 .3969066 .6551947 
 .5446789 .9840767 
 .7583081 .6240184 
 .5621732 .1873408 
 .4492217 .1761618 
 .8843762 .4315964 
 .7968026 .0238148 
 .0928445 .7734462 
 .0638093 .6588006 
 .5634286 .7762893 
 .6856603 .9228166 
 .0443831 .1701324 
 .8161661 .2178631 
 .2548395 .9805468 
 .7844228 .6202340 
 .3551919 .5088659 
 .1911064 .7528265 
 .1650097 .7087577 
 .1238809 .2601075 
 .5542745 .9112437 
 .6965081 .7936256 
 .5764590 .2705991 
 .8496562 .6667659 
 .9011109 .4443941 
 .8160212 .3262935 
 .3806022 .5267482 
 .2583472 .5033921 
 .7794433 .7067056 
 .9339177 .7741695 
 .6214546 .0430265 
 .6082450 .1422485 
 .7740493 .5896623 
 .3066678 .4548640 
 .9812964 .2672682 
 .0155326 .7171412 
 .4572354 .6873419 
 .4722333 .8527034 
 .4244836 .8664860 
 .2507880 .7857361 
 .8844409 .6259156 
 .1794759 .9409068 
 .8757473 .6001883 
 .1295149 .8613704 
 .1459983 .2612704 
