 15 
 30 
 .3923155 .3726124 
 .5642800 .5864750 
 .7178863 .0444227 
 .0680763 .3094042 
 .6696887 .3399332 
 .2665256 .0570422 
 .5290497 .6436466 
 .1293600 .4791588 
 .9720719 .3897606 
 .9254822 .2242042 
 .1120731 .6816790 
 .4963139 .3069920 
 .2349511 .4240750 
 .9256712 .4263822 
 .9136404 .6932214 
 .1610242 .1989830 
 .2833050 .3706949 
 .2519771 .8568720 
 .2769882 .4975229 
 .4307779 .6426001 
 .1597906 .2961525 
 .5830504 .9427958 
 .0434091 .7195608 
 .2486254 .0895836 
 .1847134 .5211830 
 .8437606 .6212904 
 .4321088 .4343777 
 .1860660 .4625657 
 .5293984 .7816730 
 .6985088 .7286286 
 30 
 .1538626 .8153141 
 .1228716 .3858925 
 .2759854 .8724468 
 .6273696 .4562551 
 .0928212 .9989044 
 .4767184 .4168914 
 .5030755 .4807997 
 .7621856 .4409961 
 .6447234 .5862348 
 .0679539 .6046119 
 .8780656 .0612182 
 .5698942 .5449855 
 .9286779 .2825976 
 .3024838 .6288462 
 .5534108 .6222599 
 .7555242 .7441308 
 .5935835 .1342998 
 .3284173 .5730193 
 .8554626 .1910941 
 .4174543 .7822229 
 .8191648 .6535235 
 .1697663 .0603183 
 .3209372 .4907400 
 .5226825 .3610755 
 .3655033 .8291600 
 .5631524 .0332121 
 .0774724 .0095648 
 .1800127 .6253620 
 .1538530 .6035756 
 .3211286 .8822946 
 30 
 .3811413 .1621415 
 .9742182 .5640965 
 .8654348 .8522951 
 .5183802 .9311654 
 .3151932 .6350916 
 .7844019 .6889904 
 .4238102 .2356228 
 .6447277 .4598420 
 .2207020 .2810739 
 .0449254 .9631933 
 .9803409 .4982490 
 .0915062 .4999810 
 .3712060 .0686083 
 .3174388 .4422117 
 .1511475 .8749254 
 .9355569 .5609661 
 .7198315 .6149580 
 .3276961 .4520784 
 .7578872 .2173198 
 .9577190 .2466997 
 .2387960 .7238210 
 .2810015 .3681263 
 .2035750 .2891939 
 .1803688 .3987216 
 .4375963 .1191168 
 .3052820 .1710034 
 .8685812 .3840806 
 .9312075 .9520529 
 .0875906 .2106824 
 .2809452 .9448457 
 30 
 .5408429 .0016644 
 .5381561 .1159498 
 .9970908 .2472261 
 .1018316 .3458054 
 .8982337 .7761045 
 .2328729 .7925300 
 .8724881 .6064144 
 .5717298 .8074152 
 .4399424 .1815674 
 .6880632 .3220179 
 .8673395 .2415034 
 .6760785 .8625488 
 .0176174 .7472703 
 .8364093 .6941336 
 .3627519 .4484546 
 .8786362 .4500191 
 .2459406 .5963645 
 .2166043 .2909350 
 .8388028 .1370059 
 .3780541 .4371387 
 .5761981 .0800232 
 .0646284 .0272000 
 .3881469 .6837021 
 .9194454 .8278451 
 .6953262 .1101261 
 .7160642 .4302207 
 .4893615 .2144172 
 .7912010 .2392792 
 .1668123 .5009653 
 .6079039 .7516595 
 30 
 .0989907 .8084366 
 .0474549 .2179809 
 .8587392 .2124290 
 .2659547 .6299005 
 .9376547 .6356931 
 .7817623 .8301528 
 .7081682 .8441512 
 .1366097 .1221103 
 .0369966 .4332865 
 .4377085 .6987197 
 .7499605 .0621440 
 .9694029 .1010023 
 .1806459 .9969452 
 .6773205 .2731953 
 .0920435 .8464642 
 .6794270 .0620822 
 .8137822 .5076207 
 .2383143 .6066486 
 .6480367 .5304937 
 .2163465 .3129311 
 .3122930 .5329356 
 .4963623 .2773416 
 .9420547 .5594471 
 .9393959 .3168655 
 .1939194 .4377397 
 .1087248 .3308954 
 .1794141 .7277503 
 .3454100 .6390948 
 .9201971 .7075571 
 .1507437 .2321171 
 30 
 .0308751 .3619630 
 .7195861 .4942775 
 .3793999 .3332400 
 .5668551 .8039083 
 .2069577 .4979533 
 .3763388 .3201574 
 .9571037 .9246760 
 .5429304 .9939496 
 .9027740 .5580612 
 .6302614 .1027458 
 .2923922 .6159273 
 .5669149 .0481440 
 .5727302 .3660181 
 .4848634 .3542936 
 .3841338 .0937099 
 .4798885 .2830774 
 .2483532 .5444241 
 .2494140 .6960793 
 .6531645 .2256542 
 .7298268 .1380393 
 .7414053 .4216129 
 .8918716 .9238213 
 .8826175 .7843182 
 .3255011 .5504275 
 .5783568 .5317674 
 .9085423 .2343040 
 .6500482 .6574561 
 .6481089 .9366399 
 .3911913 .6241783 
 .8387610 .9675850 
 30 
 .9314065 .7045774 
 .3133846 .1738402 
 .7434267 .8045723 
 .2755481 .7699390 
 .9983182 .0643607 
 .6870947 .9662640 
 .9991386 .0134641 
 .3208499 .5084668 
 .5465402 .2370195 
 .4419807 .8430137 
 .8466817 .5035212 
 .9066280 .5690863 
 .1848633 .6602476 
 .7043656 .7725722 
 .4677084 .3099587 
 .2507178 .3453992 
 .9801401 .7669047 
 .8737991 .9925448 
 .0959933 .9150146 
 .9390337 .7767100 
 .6955236 .6571300 
 .1092720 .1414226 
 .8394746 .3895866 
 .7233543 .7192549 
 .6754079 .5371076 
 .7606850 .1424402 
 .1428335 .2521424 
 .0965770 .7354801 
 .0219678 .9712365 
 .6844167 .5278822 
 30 
 .1468363 .1170476 
 .0549885 .5619882 
 .7746018 .7639878 
 .4169874 .0054737 
 .4545706 .9114853 
 .1797529 .0675561 
 .2449876 .9322664 
 .5909764 .0567730 
 .4436153 .0221744 
 .2674756 .9384043 
 .4768671 .7486229 
 .7625025 .2207636 
 .2670865 .1901222 
 .2123582 .6286846 
 .9910826 .2301935 
 .9797362 .4541255 
 .0654125 .3036825 
 .6901149 .2899290 
 .5427940 .7177778 
 .9570680 .5729465 
 .6645918 .4472162 
 .4164780 .4439865 
 .5592107 .3339941 
 .6297119 .2689156 
 .1656000 .6446874 
 .3507747 .0897569 
 .2425803 .1289849 
 .1486823 .5563213 
 .3335128 .6945567 
 .1877171 .7348085 
 30 
 .0145810 .6166738 
 .0362350 .7444597 
 .5738222 .3243646 
 .8281985 .5187509 
 .0446718 .1741107 
 .2570240 .1433387 
 .5373264 .6004314 
 .2425505 .1460145 
 .0463607 .4209677 
 .3703760 .6988431 
 .0238824 .1101275 
 .2373680 .7714683 
 .3417562 .2157844 
 .7142474 .6168123 
 .8592161 .8912035 
 .1096673 .2830909 
 .3861752 .3000902 
 .7315799 .7737564 
 .7978883 .4146971 
 .0197979 .6016893 
 .5109861 .8910617 
 .0849280 .3252245 
 .2594266 .1349681 
 .1371849 .6684418 
 .5842720 .6679078 
 .1153908 .4111152 
 .8335330 .2024402 
 .2106369 .7168227 
 .6053047 .6167010 
 .4870330 .2205036 
 30 
 .9941896 .8916650 
 .1876063 .2262483 
 .9402277 .0929114 
 .5181380 .9168384 
 .3413854 .1293492 
 .8544510 .6305628 
 .9727511 .2304249 
 .7357930 .0376462 
 .9430978 .2140208 
 .1923972 .4052676 
 .3850694 .4703620 
 .6004608 .9711586 
 .9790657 .4010407 
 .2415629 .5831740 
 .1006176 .5025442 
 .1323489 .9755610 
 .8917999 .4836960 
 .7380568 .0489462 
 .1116880 .3069854 
 .3315461 .9448423 
 .6291799 .8331451 
 .6368230 .1387768 
 .9813371 .2523174 
 .8190481 .7385072 
 .3168945 .5670125 
 .8555584 .1222230 
 .7504172 .3525907 
 .0359538 .3806916 
 .8278902 .5984655 
 .1726876 .0690109 
 30 
 .2969733 .8034213 
 .6232682 .7975051 
 .2198949 .2746359 
 .1850332 .4043960 
 .8866538 .8129875 
 .2649051 .9997056 
 .8909943 .1452778 
 .5784783 .1324507 
 .7191887 .5129092 
 .3116387 .7310908 
 .5571417 .1095886 
 .6875739 .2574299 
 .7173935 .3785774 
 .9139085 .5912740 
 .7843896 .7711489 
 .4176979 .3591472 
 .6215677 .1080288 
 .1765402 .5047928 
 .8125376 .2879667 
 .0760324 .5790764 
 .6435580 .3029937 
 .0085993 .1467793 
 .7857973 .3366478 
 .5052784 .4496718 
 .5011667 .5652776 
 .8767524 .5487037 
 .2599799 .0167382 
 .1366864 .0501854 
 .5949886 .7661651 
 .5806659 .5959820 
 30 
 .9846217 .6033237 
 .1766354 .8980376 
 .4061690 .2660693 
 .4541285 .4925227 
 .4623644 .0129954 
 .1136504 .7855800 
 .8849798 .7561787 
 .0557405 .5055646 
 .6668181 .6803272 
 .0804041 .4478722 
 .6665169 .1633864 
 .4481694 .4174443 
 .5540370 .2490383 
 .3279053 .4978710 
 .3912298 .7043164 
 .5751261 .0992079 
 .6316468 .0640484 
 .1667318 .4912177 
 .2243985 .6937942 
 .0303739 .4842667 
 .8535681 .9076618 
 .2028231 .2835856 
 .8600814 .1076397 
 .6732377 .9585759 
 .4871860 .7551486 
 .5430029 .0193325 
 .8614621 .1691909 
 .0802384 .7970968 
 .3537233 .5320244 
 .8680598 .1409864 
 30 
 .1309297 .3734996 
 .7326305 .7645846 
 .9714798 .9373582 
 .8688689 .7348699 
 .6196351 .3826699 
 .1247828 .3620257 
 .6355071 .3544709 
 .5136930 .3289539 
 .0776696 .1203439 
 .6384914 .4383277 
 .3461955 .7024187 
 .9624618 .9348093 
 .7124201 .1628669 
 .0634766 .0001494 
 .7531532 .7886856 
 .6664783 .6763091 
 .0640607 .1691993 
 .0544683 .0410363 
 .9096668 .3055410 
 .2896631 .7735134 
 .2235462 .6111702 
 .6004401 .0743109 
 .6369380 .0695506 
 .5601000 .9509502 
 .7098820 .4602022 
 .7417124 .7924469 
 .6761954 .4357573 
 .0083045 .5152884 
 .8898468 .7561655 
 .3057961 .8889377 
 30 
 .5606904 .0250844 
 .7712913 .3981786 
 .7647538 .1285525 
 .3430084 .5669522 
 .2684881 .9855396 
 .2391758 .3858199 
 .2652428 .3596934 
 .2280473 .6223498 
 .2208745 .9648346 
 .2936978 .5575903 
 .8864991 .9742675 
 .0538670 .2269103 
 .0701037 .8040614 
 .2357139 .6318624 
 .5627033 .6088925 
 .9793537 .6509137 
 .9741192 .6691022 
 .2213609 .4679053 
 .1209227 .5601087 
 .6024564 .1524871 
 .6847845 .9184772 
 .1242484 .3985540 
 .4710598 .4286040 
 .2155855 .1244171 
 .7800705 .4633695 
 .2136950 .3691126 
 .8798801 .1720577 
 .9602456 .3274068 
 .7495474 .7075937 
 .8866795 .0337341 
 30 
 .2435494 .1485127 
 .4330268 .6520389 
 .3964404 .3623092 
 .9138340 .0113045 
 .2145130 .8767161 
 .2052362 .3399858 
 .1484101 .5123094 
 .2574618 .4286383 
 .3549611 .2593996 
 .0036038 .9582908 
 .3731288 .2677478 
 .4922215 .6795747 
 .1805252 .9100040 
 .9596572 .6588247 
 .6736268 .1671965 
 .2067701 .0043440 
 .0242608 .9928799 
 .3705142 .3683033 
 .3922920 .2049596 
 .4873210 .0443564 
 .0923757 .6315323 
 .8239971 .5425332 
 .1813090 .9376002 
 .6817219 .9533444 
 .8995700 .4590035 
 .3261319 .9818336 
 .5012342 .5816654 
 .1153194 .9465749 
 .4632614 .2790242 
 .2292493 .9428640 
